solver: sgd
activation: logistic
learning_rate: adaptive
score: 0.9083333333333333
confusion_matrix: [[141   0   0   0   0   0   0   0   0   1]
                  [  0 144   0   0   0   0   0   0   1   0]
                  [  0   2 136   1   0   0   0   0   3   0]
                  [  0   0   0 141   0   4   0   1   0   0]
                  [  0   0   0   0 145   0   0   0   0   0]
                  [  0   0   0   4   0 134   0   0   0   8]
                  [  3   0   0   0   1   0 141   0   0   0]
                  [  0   1   1   0   1   0   0 140   0   0]
                  [  0   8   0   1   0   1   2   0 127   0]
                  [  0   0   0   1   0   2   0   1   1 139]]
solver: sgd
activation: tanh
learning_rate: constant
score: 0.9444444444444444
confusion_matrix: [[140   0   0   0   0   2   0   0   0   0]
                  [  0 144   0   0   0   0   0   0   1   0]
                  [  0   0 141   1   0   0   0   0   0   0]
                  [  1   0   0 145   0   0   0   0   0   0]
                  [  0   0   0   0 143   0   0   1   1   0]
                  [  0   0   0   0   0 141   0   0   3   2]
                  [  0   0   0   0   0   1 144   0   0   0]
                  [  0   0   0   0   0   0   0 143   0   0]
                  [  0   1   0   0   0   1   0   0 137   0]
                  [  0   1   0   0   0   0   0   0   1 142]]
solver: sgd
activation: tanh
learning_rate: invscaling
score: 0.08611111111111111
confusion_matrix: [[  0  11  11  12   0   0   0   1 107   0]
                  [  0   0   4   4  13   0   0   4 120   0]
                  [  6   0  28   3  27   4   1  26  47   0]
                  [  1  12  25   1   0   0   5   5  97   0]
                  [  0   3   0  10   1   3   0   7 121   0]
                  [  0   5  20   1  23   1   0   5  91   0]
                  [  0   5   5  47   4  15   0   5  64   0]
                  [  0   0   6   2   4   0   0  14 117   0]
                  [  0  10   5   5   3   2   0   9 105   0]
                  [  0   9   4   0   0   0   1   2 128   0]]
solver: sgd
activation: tanh
learning_rate: adaptive
score: 0.9472222222222222
confusion_matrix: [[140   0   0   0   0   1   1   0   0   0]
                  [  0 145   0   0   0   0   0   0   0   0]
                  [  0   1 141   0   0   0   0   0   0   0]
                  [  0   0   0 146   0   0   0   0   0   0]
                  [  0   0   0   0 144   0   1   0   0   0]
                  [  0   0   0   1   0 144   0   0   0   1]
                  [  0   0   0   0   0   0 145   0   0   0]
                  [  0   0   0   0   0   0   0 143   0   0]
                  [  0   2   0   1   0   0   0   0 136   0]
                  [  0   0   0   0   0   0   0   0   1 143]]
solver: sgd
activation: relu
learning_rate: constant
score: 0.95
confusion_matrix: [[142   0   0   0   0   0   0   0   0   0]
                  [  0 145   0   0   0   0   0   0   0   0]
                  [  0   0 142   0   0   0   0   0   0   0]
                  [  0   0   0 146   0   0   0   0   0   0]
                  [  0   0   0   0 145   0   0   0   0   0]
                  [  0   0   0   0   0 144   0   0   0   2]
                  [  0   0   0   0   0   0 145   0   0   0]
                  [  0   0   0   0   0   0   0 143   0   0]
                  [  0   0   0   0   0   0   0   0 139   0]
                  [  0   0   0   0   0   0   0   0   0 144]]
solver: sgd
activation: relu
learning_rate: invscaling
score: 0.25555555555555554
confusion_matrix: [[  0   4   0   0  79   8  35   0   0  16]
                  [  2  91   0   7  11   3   7  23   0   1]
                  [  0  30   3  21   3   1   4  80   0   0]
                  [  8  39   3  39   5   7   4  38   0   3]
                  [  0  18   0   0  76  29  21   1   0   0]
                  [  0  36   0   0  41  36  19  14   0   0]
                  [  0  12   2   1  38  67  21   3   0   1]
                  [  2  18   0   4   0  13   2 101   0   3]
                  [  1  69   0  14  19   7  10  17   0   2]
                  [  0  66   0   6  29  11   5   9   0  18]]
solver: sgd
activation: relu
learning_rate: adaptive
score: 0.9555555555555556
confusion_matrix: [[142   0   0   0   0   0   0   0   0   0]
                  [  0 145   0   0   0   0   0   0   0   0]
                  [  0   0 142   0   0   0   0   0   0   0]
                  [  0   0   0 146   0   0   0   0   0   0]
                  [  0   0   0   0 145   0   0   0   0   0]
                  [  0   0   0   0   0 146   0   0   0   0]
                  [  0   0   0   0   0   0 145   0   0   0]
                  [  0   0   0   0   0   0   0 143   0   0]
                  [  0   1   0   0   0   0   0   0 138   0]
                  [  0   0   0   0   0   0   0   0   1 143]]
solver: lbfgs
activation: identity
learning_rate: constant
score: 0.9444444444444444
confusion_matrix: [[142   0   0   0   0   0   0   0   0   0]
                  [  0 145   0   0   0   0   0   0   0   0]
                  [  0   0 142   0   0   0   0   0   0   0]
                  [  0   0   0 146   0   0   0   0   0   0]
                  [  0   0   0   0 145   0   0   0   0   0]
                  [  0   0   0   0   0 146   0   0   0   0]
                  [  0   0   0   0   0   0 145   0   0   0]
                  [  0   0   0   0   0   0   0 143   0   0]
                  [  0   0   0   0   0   0   0   0 139   0]
                  [  0   0   0   0   0   0   0   0   0 144]]
solver: lbfgs
activation: identity
learning_rate: invscaling
score: 0.9527777777777777
confusion_matrix: [[142   0   0   0   0   0   0   0   0   0]
                  [  0 145   0   0   0   0   0   0   0   0]
                  [  0   0 142   0   0   0   0   0   0   0]
                  [  0   0   0 146   0   0   0   0   0   0]
                  [  0   0   0   0 145   0   0   0   0   0]
                  [  0   0   0   0   0 146   0   0   0   0]
                  [  0   0   0   0   0   0 145   0   0   0]
                  [  0   0   0   0   0   0   0 143   0   0]
                  [  0   0   0   0   0   0   0   0 139   0]
                  [  0   0   0   0   0   0   0   0   0 144]]
solver: lbfgs
activation: identity
learning_rate: adaptive
score: 0.9444444444444444
confusion_matrix: [[142   0   0   0   0   0   0   0   0   0]
                  [  0 145   0   0   0   0   0   0   0   0]
                  [  0   0 142   0   0   0   0   0   0   0]
                  [  0   0   0 146   0   0   0   0   0   0]
                  [  0   0   0   0 145   0   0   0   0   0]
                  [  0   0   0   0   0 146   0   0   0   0]
                  [  0   0   0   0   0   0 145   0   0   0]
                  [  0   0   0   0   0   0   0 143   0   0]
                  [  0   0   0   0   0   0   0   0 139   0]
                  [  0   0   0   0   0   0   0   0   0 144]]
