solver: adam
activation: tanh
learning_rate: constant
score: 0.6094276094276094
confusion_matrix: [[268  19  74   0   0   2   6   1   0   0]
 [ 52 112  17   1   0   6   6   1   0   0]
 [107  17 206   0   1   3   9   0   0   0]
 [  0   1   0  29   3   1   1   0   0   0]
 [  1   2   0   3  21   1   0   0   0   0]
 [  5   1   3   2   2  23   5   0   0   0]
 [  5   5   5   0   0   0 116   0   0   0]
 [  9   2   4   0   2   1   4   2   0   0]
 [  3   1   0   0   2   0   1   0   9   0]
 [  0   0   0   0   0   0   0   0   0   4]]
solver: adam
activation: tanh
learning_rate: invscaling
score: 0.5925925925925926
confusion_matrix: [[276  16  68   0   0   1   8   1   0   0]
 [ 41 128  14   1   0   4   7   0   0   0]
 [ 93  16 223   0   0   2   9   0   0   0]
 [  0   1   0  31   3   0   0   0   0   0]
 [  0   3   1   3  20   1   0   0   0   0]
 [  3   2   2   0   1  28   4   1   0   0]
 [  4   4   6   0   0   1 116   0   0   0]
 [  8   3   3   0   1   1   5   3   0   0]
 [  3   0   0   0   1   2   1   0   9   0]
 [  0   0   0   0   0   0   0   0   0   4]]
solver: adam
activation: tanh
learning_rate: adaptive
score: 0.6397306397306397
confusion_matrix: [[247  26  89   0   1   2   4   0   1   0]
 [ 49 119  15   1   1   5   5   0   0   0]
 [114  21 196   0   1   2   9   0   0   0]
 [  0   3   0  28   4   0   0   0   0   0]
 [  1   2   0   3  19   3   0   0   0   0]
 [  6   1   3   2   4  20   5   0   0   0]
 [  8   6   8   0   0   0 109   0   0   0]
 [ 10   2   5   0   2   1   4   0   0   0]
 [  4   1   0   0   1   1   0   0   9   0]
 [  0   0   0   0   0   0   0   0   0   4]]
