solver: adam
activation: relu
learning_rate: constant
score: 0.6161616161616161
confusion_matrix: [[245  29  89   0   1   3   3   0   0   0]
 [ 56 109  16   1   2   5   5   0   1   0]
 [121  19 186   0   1   1  15   0   0   0]
 [  0   1   0  29   3   1   1   0   0   0]
 [  1   3   0   4  18   2   0   0   0   0]
 [  7   2   3   7   4  11   7   0   0   0]
 [  7   1   9   0   0   5 109   0   0   0]
 [  9   2   5   0   2   2   4   0   0   0]
 [  4   1   0   0   2   0   0   0   9   0]
 [  0   1   0   0   1   1   0   0   0   1]]
solver: adam
activation: relu
learning_rate: invscaling
score: 0.6094276094276094
confusion_matrix: [[247  26  92   0   1   2   1   0   1   0]
 [ 63 104  15   1   0   5   6   0   1   0]
 [130  17 179   0   2   1  14   0   0   0]
 [  0   1   0  24   6   2   2   0   0   0]
 [  1   3   0   3  19   2   0   0   0   0]
 [  5   2   5   7   3  12   7   0   0   0]
 [  9   1   9   0   0   4 108   0   0   0]
 [ 10   1   5   0   2   1   5   0   0   0]
 [  4   2   0   0   0   1   0   0   9   0]
 [  0   0   1   1   0   1   1   0   0   0]]
solver: adam
activation: relu
learning_rate: adaptive
score: 0.6127946127946128
confusion_matrix: [[257  29  78   0   1   1   3   0   1   0]
 [ 58 112  10   1   2   6   5   0   1   0]
 [128  20 181   0   1   0  13   0   0   0]
 [  0   0   0  29   3   2   1   0   0   0]
 [  1   3   0   4  19   1   0   0   0   0]
 [  7   0   3   9   4  11   7   0   0   0]
 [ 12   1   6   0   0   1 111   0   0   0]
 [ 10   1   4   0   2   1   6   0   0   0]
 [  4   1   0   0   2   0   0   0   9   0]
 [  0   0   0   0   0   0   0   0   0   4]]
