solver: adam
activation: identity
learning_rate: constant
score: 0.5993265993265994
confusion_matrix: [[268  31  67   0   0   2   1   0   1   0]
 [ 64 110   8   1   0   5   6   0   1   0]
 [151  21 154   0   1   1  14   0   0   1]
 [  0   2   0  25   4   3   1   0   0   0]
 [  1   3   0   3  18   3   0   0   0   0]
 [  7   4   4   6   2  13   5   0   0   0]
 [ 11   1   9   0   0   3 107   0   0   0]
 [ 12   2   2   0   2   1   5   0   0   0]
 [  4   3   0   0   0   1   0   0   8   0]
 [  0   0   0   0   0   1   0   0   0   3]]
solver: adam
activation: identity
learning_rate: invscaling
score: 0.6127946127946128
confusion_matrix: [[265  31  70   0   0   2   1   0   1   0]
 [ 62 112   8   1   0   5   6   0   1   0]
 [150  20 156   0   1   1  14   0   0   1]
 [  0   2   0  28   3   1   1   0   0   0]
 [  1   3   0   4  17   3   0   0   0   0]
 [  8   2   3   5   3  15   5   0   0   0]
 [ 12   1   9   0   0   2 107   0   0   0]
 [ 12   2   2   0   2   1   5   0   0   0]
 [  4   3   0   0   0   1   0   0   8   0]
 [  0   0   0   0   0   0   0   0   0   4]]
solver: adam
activation: identity
learning_rate: adaptive
score: 0.6060606060606061
confusion_matrix: [[259  32  72   0   1   3   3   0   0   0]
 [ 64 109   9   1   0   5   6   0   1   0]
 [142  19 163   0   2   1  16   0   0   0]
 [  0   0   0  29   2   2   2   0   0   0]
 [  1   4   0   4  16   3   0   0   0   0]
 [  6   2   3   6   4  13   7   0   0   0]
 [  9   1   9   0   0   4 108   0   0   0]
 [ 11   2   3   0   2   1   5   0   0   0]
 [  4   2   0   0   1   1   0   0   8   0]
 [  1   1   0   0   1   1   0   0   0   0]]
