solver: adam
activation: logistic
learning_rate: constant
score: 0.5925925925925926
confusion_matrix: [[237  35  89   0   1   1   6   0   1   0]
 [ 63 108  10   1   1   7   4   0   1   0]
 [127  18 185   0   1   0  12   0   0   0]
 [  0   0   0  27   2   5   1   0   0   0]
 [  1   4   0   6  16   1   0   0   0   0]
 [  4   4   3  11   3   8   8   0   0   0]
 [  9   2   6   0   0   5 109   0   0   0]
 [  9   4   4   0   1   2   4   0   0   0]
 [  4   1   0   0   1   1   0   0   9   0]
 [  0   1   0   2   1   0   0   0   0   0]]

 solver: adam
activation: logistic
learning_rate: invscaling
score: 0.5892255892255892
confusion_matrix: [[242  32  86   0   1   2   7   0   0   0]
 [ 57 112  13   1   1   5   5   0   1   0]
 [134  20 177   0   0   0  12   0   0   0]
 [  0   0   0  27   3   3   2   0   0   0]
 [  1   3   0   4  18   2   0   0   0   0]
 [  5   4   3  11   2   8   8   0   0   0]
 [  9   1   7   1   0   3 110   0   0   0]
 [ 11   2   2   0   2   2   5   0   0   0]
 [  4   1   0   0   1   1   0   0   9   0]
 [  0   0   0   2   2   0   0   0   0   0]]

 
solver: adam
activation: logistic
learning_rate: adaptive
score: 0.5959595959595959
confusion_matrix: [[243  30  87   0   1   2   6   0   1   0]
 [ 56 113  13   1   0   6   5   0   1   0]
 [137  22 173   0   0   0  11   0   0   0]
 [  0   0   0  27   3   3   2   0   0   0]
 [  1   4   0   4  17   2   0   0   0   0]
 [  5   4   3  11   2   8   8   0   0   0]
 [ 10   1   8   1   0   2 109   0   0   0]
 [ 12   2   1   0   2   2   5   0   0   0]
 [  4   1   0   0   2   0   0   0   9   0]
 [  0   1   0   3   0   0   0   0   0   0]]