ADT1_YEAST  0.58  0.61  0.47  0.13  0.50  0.00  0.48  0.22  1
ADT2_YEAST  0.43  0.67  0.48  0.27  0.50  0.00  0.53  0.22  1
ADT3_YEAST  0.64  0.62  0.49  0.15  0.50  0.00  0.53  0.22  1
AAR2_YEAST  0.58  0.44  0.57  0.13  0.50  0.00  0.54  0.22  2
AATM_YEAST  0.42  0.44  0.48  0.54  0.50  0.00  0.48  0.22  1
AATC_YEAST  0.51  0.40  0.56  0.17  0.50  0.50  0.49  0.22  0
ABC1_YEAST  0.50  0.54  0.48  0.65  0.50  0.00  0.53  0.22  1
BAF1_YEAST  0.48  0.45  0.59  0.20  0.50  0.00  0.58  0.34  2
ABF2_YEAST  0.55  0.50  0.66  0.36  0.50  0.00  0.49  0.22  1
ABP1_YEAST  0.40  0.39  0.60  0.15  0.50  0.00  0.58  0.30  0
ACE1_YEAST  0.43  0.39  0.54  0.21  0.50  0.00  0.53  0.27  2
ACE2_YEAST  0.42  0.37  0.59  0.20  0.50  0.00  0.52  0.29  2
ACH1_YEAST  0.40  0.42  0.57  0.35  0.50  0.00  0.53  0.25  0
ACON_YEAST  0.60  0.40  0.52  0.46  0.50  0.00  0.53  0.22  1
ACR1_YEAST  0.66  0.55  0.45  0.19  0.50  0.00  0.46  0.22  1
ACT_YEAST   0.46  0.44  0.52  0.11  0.50  0.00  0.50  0.22  0
ACT2_YEAST  0.47  0.39  0.50  0.11  0.50  0.00  0.49  0.40  0
ACT3_YEAST  0.58  0.47  0.54  0.11  0.50  0.00  0.51  0.26  2
ACT5_YEAST  0.50  0.34  0.55  0.21  0.50  0.00  0.49  0.22  2
ADA2_YEAST  0.61  0.60  0.55  0.21  0.50  0.00  0.50  0.25  2
C1TC_YEAST  0.45  0.40  0.50  0.16  0.50  0.00  0.50  0.22  0
PUR4_YEAST  0.43  0.44  0.48  0.22  0.50  0.00  0.51  0.22  0
PUR3_YEAST  0.73  0.63  0.42  0.30  0.50  0.00  0.49  0.22  0
ADH1_YEAST  0.43  0.53  0.52  0.13  0.50  0.00  0.55  0.22  0
ADH2_YEAST  0.46  0.53  0.52  0.15  0.50  0.00  0.58  0.22  0
ADH3_YEAST  0.51  0.51  0.52  0.51  0.50  0.00  0.54  0.22  1
ADH4_YEAST  0.59  0.45  0.53  0.19  0.50  0.00  0.59  0.27  0
KAD1_YEAST  0.57  0.47  0.60  0.18  0.50  0.00  0.51  0.22  0
KAD2_YEAST  0.63  0.67  0.57  0.24  0.50  0.00  0.49  0.22  1
ADP1_YEAST  0.80  0.88  0.36  0.39  0.50  0.00  0.56  0.33  3
ADR1_YEAST  0.53  0.54  0.43  0.10  0.50  0.00  0.57  0.32  2
AFG3_YEAST  0.51  0.51  0.43  0.87  0.50  0.00  0.52  0.22  1
AFR1_YEAST  0.38  0.61  0.61  0.12  0.50  0.00  0.53  0.47  0
RCS1_YEAST  0.33  0.55  0.51  0.43  0.50  0.00  0.51  0.22  2
AGA1_YEAST  0.78  0.74  0.42  0.26  0.50  0.00  0.43  0.22  3
AGA2_YEAST  0.74  0.67  0.47  0.34  0.50  0.00  0.42  0.22  4
YMX1_YEAST  0.72  0.61  0.45  0.30  0.50  0.00  0.54  0.25  1
SYAC_YEAST  0.40  0.45  0.57  0.18  0.50  0.00  0.56  0.26  0
DHA1_YEAST  0.59  0.53  0.43  0.44  0.50  0.00  0.50  0.22  1
DHA2_YEAST  0.57  0.53  0.53  0.34  0.50  0.00  0.53  0.22  1
ALG1_YEAST  0.86  0.68  0.39  0.24  0.50  0.00  0.54  0.22  5
ALG5_YEAST  0.86  0.74  0.51  0.40  0.50  0.00  0.55  0.22  5
GPT_YEAST   0.79  0.57  0.41  0.28  0.50  0.00  0.59  0.22  5
ALG8_YEAST  0.41  0.54  0.39  0.20  0.50  0.00  0.51  0.22  6
MAN1_YEAST  0.37  0.36  0.56  0.18  0.50  0.00  0.48  0.26  7
ANC1_YEAST  0.53  0.31  0.58  0.39  0.50  0.00  0.47  0.37  2
ANP1_YEAST  0.74  0.75  0.58  0.47  0.50  0.00  0.40  0.35  5
APE2_YEAST  0.49  0.39  0.52  0.29  0.50  0.00  0.48  0.22  4
APE3_YEAST  0.74  0.57  0.51  0.28  0.50  0.00  0.58  0.22  7
ALP1_YEAST  0.42  0.24  0.34  0.16  0.50  0.00  0.50  0.22  6
ADB2_YEAST  0.48  0.39  0.51  0.21  0.50  0.00  0.52  0.28  0
YHB9_YEAST  0.41  0.53  0.45  0.14  0.50  0.00  0.52  0.66  6
APN1_YEAST  0.45  0.46  0.55  0.43  0.50  0.00  0.55  0.38  2
ARD1_YEAST  0.56  0.48  0.58  0.27  0.50  0.00  0.51  0.22  0
ARF1_YEAST  0.64  0.59  0.56  0.23  0.50  0.00  0.46  0.22  0
ARF2_YEAST  0.64  0.56  0.56  0.22  0.50  0.00  0.45  0.22  0
ASSY_YEAST  0.66  0.62  0.49  0.10  0.50  0.00  0.49  0.22  0
OTC_YEAST   0.53  0.44  0.51  0.33  0.50  0.00  0.55  0.22  0
ARLY_YEAST  0.38  0.49  0.53  0.19  0.50  0.00  0.50  0.22  0
AR56_YEAST  0.45  0.58  0.48  0.67  0.50  0.00  0.52  0.22  1
ARGD_YEAST  0.43  0.35  0.52  0.52  0.50  0.00  0.54  0.22  1
ARG1_YEAST  0.37  0.32  0.47  0.18  0.50  0.00  0.45  0.25  2
ARG2_YEAST  0.48  0.43  0.51  0.32  0.50  0.00  0.52  0.43  2
ARG3_YEAST  0.41  0.46  0.59  0.19  0.50  0.00  0.58  0.27  2
ARO1_YEAST  0.54  0.48  0.44  0.08  0.50  0.00  0.52  0.27  0
AROC_YEAST  0.60  0.47  0.45  0.22  0.50  0.00  0.51  0.29  0
AROF_YEAST  0.34  0.46  0.57  0.09  0.50  0.00  0.55  0.22  0
AROG_YEAST  0.48  0.54  0.55  0.12  0.50  0.00  0.51  0.22  0
CHMU_YEAST  0.47  0.39  0.59  0.15  0.50  0.00  0.57  0.22  0
ASG2_YEAST  0.81  0.85  0.47  0.37  0.50  0.00  0.56  0.22  4
AST1_YEAST  0.48  0.42  0.52  0.24  0.50  0.00  0.56  0.22  0
ATE1_YEAST  0.58  0.51  0.49  0.27  0.50  0.00  0.57  0.29  0
ATM1_YEAST  0.60  0.50  0.44  0.61  0.50  0.00  0.47  0.22  1
ATPA_YEAST  0.45  0.55  0.54  0.66  0.50  0.00  0.47  0.22  1
ATPY_YEAST  0.46  0.49  0.58  0.23  0.50  0.00  0.44  0.22  1
ATPS_YEAST  0.49  0.42  0.56  0.55  0.50  0.00  0.42  0.25  1
ATPT_YEAST  0.63  0.53  0.54  0.40  0.50  0.00  0.50  0.22  1
ATPU_YEAST  0.50  0.54  0.53  0.54  0.50  0.00  0.51  0.27  1
ATPE_YEAST  0.63  0.57  0.59  0.40  0.50  0.00  0.38  0.22  1
ATPB_YEAST  0.43  0.57  0.51  0.49  0.50  0.00  0.48  0.22  1
ATPG_YEAST  0.48  0.45  0.55  0.50  0.50  0.00  0.53  0.22  1
ATPD_YEAST  0.50  0.58  0.46  0.46  0.50  0.00  0.46  0.22  1
ATPO_YEAST  0.51  0.54  0.60  0.57  0.50  0.00  0.58  0.22  1
ATP7_YEAST  0.54  0.52  0.63  0.37  0.50  0.00  0.46  0.22  1
ATP8_YEAST  0.67  0.62  0.40  0.43  0.50  0.83  0.50  0.22  1
ATR1_YEAST  0.28  0.58  0.21  0.13  0.50  0.00  0.51  0.22  6
YBR8_YEAST  0.39  0.44  0.35  0.16  0.50  0.00  0.55  0.22  6
BAR1_YEAST  0.80  0.63  0.45  0.29  0.50  0.00  0.51  0.22  4
BAS1_YEAST  0.50  0.52  0.59  0.30  0.50  0.00  0.51  0.35  2
BCK1_YEAST  0.42  0.47  0.52  0.41  0.50  0.00  0.53  0.32  0
BCK2_YEAST  0.36  0.46  0.62  0.46  0.50  0.00  0.51  0.33  0
BCS1_YEAST  0.46  0.38  0.47  0.22  0.50  0.00  0.52  0.27  1
KAPR_YEAST  0.40  0.45  0.56  0.20  0.50  0.00  0.45  0.22  0
BDF1_YEAST  0.33  0.43  0.64  0.16  0.50  0.00  0.52  0.52  2
BEM1_YEAST  0.49  0.61  0.49  0.25  0.50  0.00  0.50  0.28  0
BET1_YEAST  0.38  0.50  0.37  0.26  0.50  0.00  0.43  0.22  6
BGL2_YEAST  0.69  0.70  0.52  0.36  0.50  0.00  0.46  0.22  4
CYBM_YEAST  0.61  0.72  0.39  0.33  0.50  0.00  0.58  0.22  1
YMC4_YEAST  0.78  0.75  0.40  0.28  0.50  0.00  0.53  0.22  1
BIK1_YEAST  0.64  0.57  0.57  0.27  0.50  0.00  0.37  0.22  0
BOS1_YEAST  0.36  0.58  0.35  0.24  0.50  0.00  0.44  0.22  6
BSD2_YEAST  0.36  0.43  0.39  0.12  0.50  0.00  0.49  0.22  6
BUD5_YEAST  0.47  0.52  0.50  0.40  0.50  0.00  0.41  0.22  0
CAD1_YEAST  0.48  0.23  0.57  0.27  0.50  0.00  0.48  0.47  2
CAP2_YEAST  0.47  0.39  0.55  0.24  0.50  0.00  0.47  0.22  0
CAN1_YEAST  0.44  0.59  0.36  0.16  0.50  0.00  0.52  0.22  6
CAPA_YEAST  0.42  0.35  0.54  0.18  0.50  0.00  0.56  0.22  0
CAPB_YEAST  0.30  0.56  0.55  0.18  0.50  0.00  0.50  0.22  0
ARGI_YEAST  0.65  0.65  0.52  0.16  0.50  0.00  0.60  0.22  0
OAT_YEAST   0.27  0.60  0.48  0.23  0.50  0.00  0.55  0.22  0
CACP_YEAST  0.45  0.41  0.50  0.46  0.50  0.50  0.50  0.27  8
CAT8_YEAST  0.44  0.52  0.41  0.23  0.50  0.00  0.51  0.22  2
CBF1_YEAST  0.30  0.32  0.57  0.19  0.50  0.00  0.48  0.55  2
CB32_YEAST  0.40  0.44  0.49  0.47  0.50  0.00  0.49  0.27  2
CBF5_YEAST  0.45  0.51  0.50  0.16  0.50  0.00  0.52  1.00  2
CBP1_YEAST  0.45  0.45  0.50  0.60  0.50  0.00  0.49  0.22  1
CBP2_YEAST  0.59  0.67  0.56  0.41  0.50  0.00  0.47  0.22  1
CBP3_YEAST  0.47  0.47  0.57  0.48  0.50  0.00  0.48  0.22  1
CBP4_YEAST  0.35  0.52  0.48  0.22  0.50  0.00  0.26  0.22  1
CBP6_YEAST  0.47  0.41  0.66  0.26  0.50  0.00  0.53  0.22  1
NC5R_YEAST  0.64  0.62  0.29  0.28  0.50  0.00  0.51  0.22  1
CBS1_YEAST  0.55  0.53  0.55  0.46  0.50  0.00  0.52  0.22  1
CBS2_YEAST  0.67  0.62  0.54  0.43  0.50  0.00  0.53  0.22  1
TNT_YEAST   0.59  0.60  0.49  0.43  0.50  0.00  0.53  0.31  1
ATU1_YEAST  0.54  0.55  0.34  0.31  0.50  0.00  0.54  0.22  6
CCE1_YEAST  0.58  0.62  0.54  0.17  0.50  0.00  0.48  0.22  1
CCL1_YEAST  0.40  0.38  0.53  0.16  0.50  0.00  0.52  0.27  2
CCPR_YEAST  0.46  0.71  0.48  0.53  0.50  0.00  0.53  0.22  1
CCR4_YEAST  0.53  0.51  0.55  0.05  0.50  0.00  0.45  0.25  2
CTPT_YEAST  0.41  0.40  0.59  0.47  0.50  0.00  0.48  0.43  0
CC10_YEAST  0.50  0.64  0.57  0.15  0.50  0.00  0.47  0.22  0
CC11_YEAST  0.40  0.62  0.52  0.31  0.50  0.00  0.49  0.31  0
CC12_YEAST  0.60  0.50  0.57  0.25  0.50  0.00  0.41  0.26  0
CC16_YEAST  0.62  0.51  0.52  0.42  0.50  0.00  0.54  0.27  2
CC23_YEAST  0.35  0.58  0.54  0.16  0.50  0.00  0.51  0.22  2
CC24_YEAST  0.34  0.54  0.50  0.21  0.50  0.00  0.54  0.31  0
CC25_YEAST  0.39  0.58  0.50  0.26  0.50  0.00  0.54  0.59  6
CC27_YEAST  0.48  0.54  0.50  0.17  0.50  0.00  0.53  0.22  2
CDC3_YEAST  0.29  0.32  0.58  0.15  0.50  0.00  0.50  0.30  0
CC31_YEAST  0.47  0.32  0.64  0.30  0.50  0.00  0.63  0.22  2
IF4E_YEAST  0.39  0.47  0.56  0.16  0.50  0.00  0.47  0.22  0
UBC3_YEAST  0.58  0.48  0.51  0.47  0.50  0.00  0.55  0.22  2
NOT2_YEAST  0.64  0.60  0.57  0.19  0.50  0.00  0.43  0.22  2
NOT1_YEAST  0.37  0.46  0.40  0.27  0.50  0.00  0.45  0.22  2
CC4_YEAST   0.43  0.57  0.53  0.16  0.50  0.00  0.54  0.22  0
CC40_YEAST  0.28  0.37  0.61  0.09  0.50  0.00  0.52  0.55  2
CC42_YEAST  0.59  0.48  0.50  0.14  0.50  0.00  0.45  0.25  0
CAL1_YEAST  0.39  0.55  0.48  0.31  0.50  0.00  0.54  0.29  0
RFC1_YEAST  0.26  0.36  0.47  0.34  0.50  0.00  0.53  0.72  2
CC46_YEAST  0.51  0.34  0.50  0.19  0.50  0.00  0.50  0.22  2
YB52_YEAST  0.58  0.50  0.50  0.12  0.50  0.00  0.48  0.25  2
CC48_YEAST  0.44  0.39  0.53  0.14  0.50  0.00  0.54  0.44  0
CC6_YEAST   0.41  0.39  0.44  0.34  0.50  0.00  0.48  0.40  2
SYLC_YEAST  0.45  0.43  0.51  0.24  0.50  0.00  0.54  0.33  0
CC68_YEAST  0.36  0.68  0.46  0.16  0.50  0.00  0.53  0.28  2
CC7_YEAST   0.42  0.31  0.50  0.15  0.50  0.00  0.53  0.22  2
KTHY_YEAST  0.42  0.43  0.56  0.10  0.50  0.00  0.49  0.22  0
DNLI_YEAST  0.67  0.71  0.52  0.65  0.50  0.00  0.53  0.36  2
MCE1_YEAST  0.49  0.47  0.53  0.16  0.50  0.00  0.48  0.27  2
CEM1_YEAST  0.71  0.59  0.48  0.43  0.50  0.00  0.59  0.22  1
RLUB_YEAST  0.40  0.42  0.71  0.21  0.50  0.00  0.54  0.32  0
RLUB_YEAST  0.40  0.42  0.71  0.21  0.50  0.00  0.54  0.32  0
CLH_YEAST   0.54  0.49  0.49  0.20  0.50  0.00  0.52  0.22  0
CHL1_YEAST  0.42  0.51  0.50  0.12  0.50  0.00  0.52  0.46  2
CHL4_YEAST  0.57  0.51  0.53  0.18  0.50  0.00  0.56  0.25  2
PSS_YEAST   0.35  0.45  0.43  0.11  0.50  0.00  0.56  0.22  6
PEM1_YEAST  0.42  0.42  0.42  0.20  0.50  0.00  0.49  0.22  6
CHS1_YEAST  0.26  0.50  0.33  0.28  0.50  0.00  0.51  0.22  6
CHS2_YEAST  0.39  0.42  0.38  0.40  0.50  0.00  0.49  0.47  6
CHS3_YEAST  0.26  0.44  0.30  0.11  0.50  0.00  0.51  0.47  6
CIK1_YEAST  0.31  0.44  0.53  0.23  0.50  0.00  0.51  0.32  2
CIN1_YEAST  0.48  0.61  0.44  0.20  0.50  0.00  0.47  0.22  0
CIN4_YEAST  0.66  0.45  0.50  0.23  0.50  0.00  0.49  0.22  0
CIN8_YEAST  0.21  0.41  0.55  0.11  0.50  0.00  0.50  0.27  0
CISY_YEAST  0.38  0.68  0.44  0.45  0.50  0.00  0.53  0.22  1
CISZ_YEAST  0.44  0.38  0.48  0.32  0.50  0.83  0.53  0.22  8
KC21_YEAST  0.31  0.31  0.56  0.33  0.50  0.00  0.52  0.33  2
KC22_YEAST  0.49  0.31  0.49  0.35  0.50  0.00  0.51  0.29  2
KC2C_YEAST  0.38  0.37  0.56  0.21  0.50  0.00  0.49  0.22  2
KICH_YEAST  0.39  0.40  0.53  0.67  0.50  0.00  0.47  0.22  0
CLC1_YEAST  0.24  0.34  0.69  0.18  0.50  0.00  0.52  0.22  0
CG11_YEAST  0.49  0.43  0.51  0.13  0.50  0.00  0.47  0.22  0
CG12_YEAST  0.54  0.38  0.52  0.18  0.50  0.00  0.48  0.22  0
CG13_YEAST  0.43  0.57  0.53  0.53  0.50  0.00  0.53  0.25  0
CALM_YEAST  0.48  0.64  0.61  0.23  0.50  0.00  0.60  0.22  0
KCC1_YEAST  0.31  0.55  0.52  0.17  0.50  0.00  0.52  0.22  0
KCC2_YEAST  0.32  0.57  0.50  0.15  0.50  0.00  0.53  0.22  0
P2B1_YEAST  0.32  0.42  0.52  0.24  0.50  0.00  0.60  0.22  0
P2B2_YEAST  0.59  0.50  0.52  0.28  0.50  0.00  0.55  0.25  0
CALB_YEAST  0.37  0.42  0.51  0.11  0.50  0.00  0.57  0.22  0
CALX_YEAST  0.75  0.70  0.38  0.27  0.50  0.00  0.49  0.22  3
CYB_YEAST   0.61  0.72  0.31  0.33  0.50  0.00  0.56  0.22  1
COFI_YEAST  0.44  0.42  0.60  0.21  0.50  0.00  0.57  0.22  0
COQ1_YEAST  0.52  0.51  0.51  0.54  0.50  0.00  0.55  0.27  1
COQ2_YEAST  0.63  0.56  0.45  0.58  0.50  0.00  0.51  0.22  1
COQ3_YEAST  0.52  0.56  0.54  0.53  0.50  0.00  0.45  0.22  1
UCR1_YEAST  0.58  0.58  0.58  0.49  0.50  0.00  0.49  0.26  1
COT1_YEAST  0.72  0.62  0.34  0.29  0.50  0.00  0.56  0.28  1
COX1_YEAST  0.72  0.61  0.37  0.30  0.50  0.00  0.57  0.22  1
COXX_YEAST  0.46  0.43  0.38  0.33  0.50  0.00  0.48  0.28  1
COXZ_YEAST  0.57  0.57  0.44  0.37  0.50  0.00  0.52  0.25  1
COXG_YEAST  0.42  0.31  0.62  0.12  0.50  0.00  0.40  0.22  1
COXE_YEAST  0.49  0.46  0.45  0.45  0.50  0.00  0.52  0.22  1
YEX1_YEAST  0.42  0.58  0.41  0.65  0.50  0.00  0.46  0.26  1
COX2_YEAST  0.59  0.61  0.34  0.22  0.50  0.00  0.51  0.22  1
COX3_YEAST  0.52  0.77  0.38  0.34  0.50  0.00  0.51  0.22  1
COX4_YEAST  0.50  0.52  0.60  0.51  0.50  0.00  0.48  0.22  1
COXA_YEAST  0.49  0.60  0.43  0.56  0.50  0.00  0.36  0.22  1
COXB_YEAST  0.50  0.41  0.44  0.50  0.50  0.00  0.42  0.22  1
COX6_YEAST  0.50  0.40  0.56  0.70  0.50  0.00  0.50  0.22  1
COX7_YEAST  0.37  0.58  0.44  0.51  0.50  0.00  0.44  0.22  1
COX8_YEAST  0.55  0.45  0.45  0.54  0.50  0.00  0.50  0.22  1
COX9_YEAST  0.67  0.68  0.46  0.29  0.50  0.00  0.46  0.22  1
CARA_YEAST  0.53  0.51  0.46  0.28  0.50  0.00  0.48  0.22  0
CARB_YEAST  0.35  0.66  0.49  0.21  0.50  0.00  0.54  0.25  0
CYPH_YEAST  0.52  0.40  0.60  0.12  0.50  0.00  0.55  0.22  0
CYPB_YEAST  0.77  0.79  0.58  0.23  0.50  0.00  0.48  0.22  4
CYPC_YEAST  0.47  0.46  0.59  0.49  0.50  0.00  0.56  0.22  1
CYPR_YEAST  0.73  0.83  0.43  0.30  0.50  0.00  0.55  0.22  3
CYPD_YEAST  0.78  0.74  0.58  0.25  1.00  0.00  0.53  0.22  9
CBPS_YEAST  0.70  0.65  0.54  0.28  0.50  0.00  0.60  0.40  7
CPT1_YEAST  0.47  0.54  0.37  0.14  0.50  0.00  0.50  0.22  6
CRM1_YEAST  0.56  0.52  0.48  0.17  0.50  0.00  0.46  0.22  2
R141_YEAST  0.57  0.41  0.59  0.24  0.50  0.00  0.40  0.22  0
R142_YEAST  0.56  0.41  0.58  0.21  0.50  0.00  0.42  0.22  0
CSE1_YEAST  0.58  0.56  0.45  0.12  0.50  0.00  0.51  0.22  2
CSE2_YEAST  0.53  0.38  0.66  0.25  0.50  0.00  0.43  0.22  2
YKE9_YEAST  0.34  0.36  0.54  0.11  0.50  0.00  0.36  0.21  2
CSG2_YEAST  0.69  0.61  0.38  0.27  0.50  0.00  0.52  0.22  5
CATA_YEAST  0.37  0.53  0.60  0.19  0.50  0.50  0.42  0.22  8
CB33_YEAST  0.41  0.45  0.53  0.17  0.50  0.00  0.51  0.25  2
CTK1_YEAST  0.31  0.46  0.54  0.52  0.50  0.00  0.50  0.34  2
CTR1_YEAST  0.36  0.37  0.33  0.14  0.50  0.00  0.57  0.31  6
CHI1_YEAST  0.82  0.78  0.49  0.23  0.50  0.00  0.46  0.22  4
CHI2_YEAST  0.82  0.75  0.54  0.23  0.50  0.00  0.46  0.22  4
CATT_YEAST  0.41  0.51  0.58  0.15  0.50  0.00  0.45  0.27  0
MTC_YEAST   0.38  0.51  0.75  0.17  0.50  0.00  0.55  0.22  0
MTC_YEAST   0.38  0.51  0.75  0.17  0.50  0.00  0.55  0.22  0
CYB2_YEAST  0.53  0.44  0.51  0.33  0.50  0.00  0.52  0.22  1
CYC1_YEAST  0.46  0.54  0.71  0.15  0.50  0.00  0.59  0.22  1
CYC2_YEAST  0.40  0.56  0.48  0.14  0.50  0.00  0.47  0.22  1
CCHL_YEAST  0.53  0.53  0.60  0.13  0.50  0.00  0.49  0.22  1
CYC7_YEAST  0.42  0.57  0.72  0.22  0.50  0.00  0.57  0.22  1
RL2A_YEAST  0.45  0.27  0.57  0.36  0.50  0.00  0.52  0.18  0
CYAA_YEAST  0.20  0.26  0.52  0.14  0.50  0.00  0.53  0.44  0
CYS3_YEAST  0.51  0.53  0.55  0.14  0.50  0.00  0.51  0.22  0
CY1_YEAST   0.44  0.68  0.45  0.51  0.50  0.00  0.52  0.41  1
02_YEAST  0.27  0.39  0.66  0.11  0.50  0.00  0.44  0.22  1
DAL4_YEAST  0.55  0.42  0.34  0.30  0.50  0.00  0.52  0.22  6
DAL5_YEAST  0.34  0.42  0.30  0.23  0.50  0.00  0.53  0.22  6
MASZ_YEAST  0.44  0.53  0.52  0.23  0.50  0.83  0.51  0.22  8
DA80_YEAST  0.59  0.58  0.56  0.21  0.50  0.00  0.54  0.33  2
DA81_YEAST  0.39  0.28  0.46  0.12  0.50  0.00  0.41  0.22  2
DA82_YEAST  0.56  0.43  0.54  0.16  0.50  0.00  0.50  0.22  2
DAP2_YEAST  0.36  0.68  0.38  0.08  0.50  0.00  0.53  0.25  7
DATI_YEAST  0.27  0.36  0.60  0.33  0.50  0.00  0.37  0.31  2
DBF4_YEAST  0.35  0.40  0.59  0.22  0.50  0.00  0.47  0.37  2
DBP1_YEAST  0.42  0.32  0.50  0.21  0.50  0.00  0.51  0.22  2
DBP2_YEAST  0.23  0.20  0.53  0.20  0.50  0.00  0.44  0.22  2
DBR1_YEAST  0.55  0.54  0.56  0.22  0.50  0.00  0.50  0.37  2
DED1_YEAST  0.36  0.24  0.49  0.16  0.50  0.00  0.51  0.22  2
DEP1_YEAST  0.38  0.48  0.59  0.22  0.50  0.00  0.46  0.22  0
DYR_YEAST   0.80  0.46  0.50  0.15  0.50  0.00  0.53  0.22  0
DYHC_YEAST  0.60  0.56  0.47  0.20  0.50  0.00  0.50  0.38  2
DHH1_YEAST  0.41  0.24  0.54  0.26  0.50  0.00  0.41  0.22  2
DLD1_YEAST  0.47  0.65  0.54  0.62  0.50  0.00  0.53  0.36  1
DMC1_YEAST  0.43  0.39  0.54  0.14  0.50  0.00  0.47  0.22  2
DPB2_YEAST  0.50  0.51  0.52  0.09  0.50  0.00  0.48  0.25  2
DPB3_YEAST  0.53  0.61  0.52  0.21  0.50  0.00  0.55  0.30  2
DPM1_YEAST  0.54  0.42  0.41  0.16  0.50  0.00  0.52  0.22  5
SYDC_YEAST  0.46  0.35  0.53  0.16  0.50  0.00  0.51  0.29  0
DRS1_YEAST  0.46  0.43  0.49  0.79  0.50  0.00  0.49  0.63  2
ATC4_YEAST  0.51  0.55  0.35  0.16  0.50  0.00  0.51  0.47  6
DSS4_YEAST  0.56  0.52  0.55  0.19  0.50  0.00  0.54  0.22  0
TFS2_YEAST  0.61  0.30  0.59  0.12  0.50  0.00  0.49  0.27  2
DUN1_YEAST  0.37  0.53  0.46  0.23  0.50  0.00  0.47  0.22  2
DUR3_YEAST  0.83  0.58  0.33  0.04  0.50  0.00  0.53  0.22  5
EF1B_YEAST  0.39  0.45  0.53  0.18  0.50  0.00  0.54  0.22  0
EF2_YEAST   0.52  0.54  0.50  0.21  0.50  0.00  0.48  0.30  0
EGD1_YEAST  0.35  0.39  0.57  0.11  0.50  0.00  0.48  0.22  2
ATN2_YEAST  0.36  0.49  0.30  0.22  0.50  0.00  0.52  0.31  6
END2_YEAST  0.78  0.70  0.32  0.23  0.50  0.00  0.53  0.22  3
END3_YEAST  0.55  0.46  0.53  0.11  0.50  0.00  0.52  0.48  0
ENO1_YEAST  0.45  0.56  0.54  0.32  0.50  0.00  0.57  0.22  0
ENO2_YEAST  0.45  0.56  0.53  0.32  0.50  0.00  0.57  0.22  0
EPT1_YEAST  0.29  0.43  0.40  0.15  0.50  0.00  0.53  0.22  6
ERD1_YEAST  0.52  0.75  0.37  0.14  0.50  0.00  0.46  0.22  6
ERD2_YEAST  0.71  0.56  0.39  0.27  0.50  0.00  0.52  0.22  5
ERG1_YEAST  0.58  0.60  0.43  0.12  0.50  0.00  0.55  0.22  6
THIL_YEAST  0.54  0.65  0.49  0.34  0.50  0.00  0.52  0.22  0
CP51_YEAST  0.57  0.59  0.44  0.16  0.50  0.00  0.52  0.22  5
KIME_YEAST  0.59  0.58  0.46  0.19  0.50  0.00  0.56  0.27  0
ERG2_YEAST  0.92  0.61  0.40  0.22  0.50  0.00  0.54  0.22  5
FPPS_YEAST  0.55  0.56  0.45  0.14  0.50  0.00  0.54  0.22  0
ER24_YEAST  0.63  0.61  0.41  0.22  0.50  0.00  0.51  0.22  6
ERG3_YEAST  0.58  0.53  0.38  0.18  0.50  0.00  0.52  0.22  6
ERG4_YEAST  0.36  0.46  0.43  0.19  0.50  0.00  0.48  0.22  6
ERG6_YEAST  0.32  0.47  0.55  0.12  0.50  0.00  0.52  0.22  0
ERG7_YEAST  0.34  0.38  0.45  0.19  0.50  0.00  0.51  0.22  5
ERG8_YEAST  0.62  0.58  0.46  0.13  0.50  0.00  0.53  0.22  0
FDFT_YEAST  0.53  0.68  0.42  0.19  0.50  0.00  0.53  0.22  6
ERS1_YEAST  0.73  0.55  0.41  0.16  0.50  0.00  0.46  0.22  5
ESP1_YEAST  0.55  0.46  0.46  0.31  0.50  0.00  0.58  0.48  2
EST1_YEAST  0.35  0.60  0.47  0.13  0.50  0.00  0.52  0.43  2
EUG1_YEAST  0.77  0.80  0.51  0.40  1.00  0.00  0.54  0.22  9
EXG1_YEAST  0.77  0.87  0.47  0.37  0.50  0.00  0.48  0.22  4
LCF2_YEAST  0.35  0.46  0.49  0.15  1.00  0.00  0.55  0.35  0
FAD1_YEAST  0.43  0.51  0.48  0.14  0.50  0.00  0.50  0.22  0
FAS1_YEAST  0.57  0.61  0.45  0.26  0.50  0.00  0.50  0.22  0
FAS2_YEAST  0.63  0.62  0.42  0.12  0.50  0.00  0.52  0.25  0
COAC_YEAST  0.25  0.40  0.51  0.18  0.50  0.00  0.50  0.27  0
ALF_YEAST   0.56  0.62  0.53  0.24  0.50  0.00  0.57  0.22  0
F16P_YEAST  0.58  0.60  0.51  0.24  0.50  0.00  0.53  0.22  0
F26_YEAST   0.71  0.59  0.53  0.15  0.50  0.00  0.49  0.33  0
FCY2_YEAST  0.46  0.35  0.33  0.17  0.50  0.00  0.55  0.22  6
FET3_YEAST  0.54  0.55  0.42  0.22  0.50  0.00  0.48  0.22  6
FET4_YEAST  0.39  0.44  0.28  0.12  0.50  0.00  0.46  0.27  6
FHL1_YEAST  0.33  0.44  0.49  0.08  0.50  0.00  0.48  0.49  2
FLO1_YEAST  0.81  0.82  0.41  0.36  0.50  0.00  0.39  0.22  4
FOX2_YEAST  0.69  0.60  0.51  0.13  0.50  0.83  0.52  0.22  8
THIK_YEAST  0.46  0.48  0.44  0.21  0.50  0.00  0.55  0.22  8
FKBP_YEAST  0.35  0.36  0.57  0.17  0.50  0.00  0.52  0.22  0
FKB2_YEAST  0.74  0.72  0.47  0.25  0.50  0.00  0.57  0.22  3
FKB3_YEAST  0.54  0.57  0.52  0.19  0.50  0.00  0.59  0.67  2
FPS1_YEAST  0.42  0.52  0.40  0.17  0.50  0.00  0.50  0.26  6
FRE1_YEAST  0.91  0.77  0.34  0.47  0.50  0.00  0.52  0.31  3
YKW0_YEAST  0.81  0.90  0.39  0.41  0.50  0.00  0.53  0.22  5
SYFA_YEAST  0.45  0.40  0.56  0.14  0.50  0.00  0.54  0.22  0
SYFB_YEAST  0.47  0.47  0.58  0.16  0.50  0.00  0.49  0.28  0
FUMH_YEAST  0.41  0.39  0.51  0.52  0.50  0.00  0.49  0.22  0
FU34_YEAST  0.37  0.34  0.32  0.22  0.50  0.00  0.56  0.22  6
FUR1_YEAST  0.69  0.60  0.50  0.31  0.50  0.00  0.55  0.22  0
FUR4_YEAST  0.35  0.56  0.36  0.30  0.50  0.00  0.53  0.25  6
FUS1_YEAST  0.84  0.66  0.36  0.78  0.50  0.00  0.49  0.50  3
FUS3_YEAST  0.51  0.58  0.54  0.29  0.50  0.00  0.53  0.22  0
FZF1_YEAST  0.37  0.43  0.62  0.27  0.50  0.00  0.48  0.22  2
GAC1_YEAST  0.55  0.66  0.57  0.32  0.50  0.00  0.57  0.34  0
GAL1_YEAST  0.48  0.35  0.42  0.21  0.50  0.00  0.57  0.22  0
GALX_YEAST  0.62  0.58  0.52  0.15  0.50  0.00  0.52  0.29  0
GALY_YEAST  0.56  0.59  0.53  0.16  0.50  0.00  0.24  0.42  2
GAL2_YEAST  0.44  0.51  0.37  0.15  0.50  0.00  0.51  0.22  6
GAL4_YEAST  0.44  0.44  0.49  0.15  0.50  0.00  0.46  0.27  2
GAL7_YEAST  0.50  0.50  0.48  0.17  0.50  0.00  0.47  0.26  0
GAL8_YEAST  0.60  0.60  0.49  0.30  0.50  0.00  0.53  0.22  2
GAP1_YEAST  0.49  0.46  0.34  0.21  0.50  0.00  0.55  0.22  6
GAR1_YEAST  0.35  0.68  0.57  0.40  0.50  0.00  0.53  0.36  2
GAS1_YEAST  0.70  0.69  0.43  0.33  0.50  0.00  0.58  0.22  3
GBP2_YEAST  0.23  0.30  0.58  0.22  0.50  0.00  0.48  0.27  2
E2BG_YEAST  0.45  0.42  0.52  0.20  0.50  0.00  0.50  0.25  0
IF2G_YEAST  0.51  0.35  0.46  0.15  0.50  0.00  0.51  0.42  0
E2BD_YEAST  0.42  0.39  0.47  0.13  0.50  0.00  0.50  0.27  0
E2BE_YEAST  0.32  0.38  0.52  0.20  0.50  0.00  0.52  0.28  0
E2BB_YEAST  0.59  0.65  0.52  0.30  0.50  0.00  0.46  0.31  0
GCN1_YEAST  0.41  0.52  0.41  0.11  0.50  0.00  0.54  0.35  0
GCN2_YEAST  0.37  0.33  0.50  0.12  0.50  0.00  0.51  0.54  0
E2BA_YEAST  0.45  0.56  0.49  0.17  0.50  0.00  0.52  0.22  0
GCN4_YEAST  0.56  0.54  0.59  0.14  0.50  0.00  0.52  0.27  2
GCN5_YEAST  0.31  0.31  0.54  0.18  0.50  0.00  0.52  0.29  2
GCR1_YEAST  0.27  0.51  0.47  0.35  0.50  0.00  0.49  0.28  2
GCR2_YEAST  0.54  0.56  0.57  0.18  0.50  0.00  0.45  0.25  2
GCR3_YEAST  0.17  0.38  0.45  0.09  0.50  0.00  0.54  0.27  2
GCS1_YEAST  0.43  0.51  0.54  0.15  0.50  0.00  0.45  0.26  2
GCY_YEAST   0.60  0.40  0.59  0.18  0.50  0.00  0.48  0.22  0
GDA1_YEAST  0.91  0.69  0.57  0.45  0.50  0.00  0.56  0.22  5
DHE4_YEAST  0.38  0.47  0.53  0.12  0.50  0.00  0.48  0.22  0
DHE2_YEAST  0.59  0.43  0.52  0.19  0.50  0.00  0.55  0.27  0
GDI1_YEAST  0.64  0.53  0.45  0.13  0.50  0.00  0.53  0.22  0
GEF1_YEAST  0.49  0.31  0.34  0.13  0.50  0.00  0.52  0.22  6
GFA1_YEAST  0.52  0.51  0.51  0.12  0.50  0.00  0.51  0.40  0
GLGB_YEAST  0.49  0.43  0.48  0.15  0.50  0.00  0.55  0.25  0
PP12_YEAST  0.49  0.47  0.52  0.16  0.50  0.00  0.53  0.28  0
HXKG_YEAST  0.48  0.39  0.49  0.18  0.50  0.00  0.51  0.22  0
GLNA_YEAST  0.44  0.34  0.55  0.18  0.50  0.00  0.52  0.22  0
GLN3_YEAST  0.43  0.54  0.58  0.16  0.50  0.00  0.50  0.36  2
SYQ_YEAST   0.49  0.42  0.54  0.17  0.50  0.00  0.50  0.36  0
GLO3_YEAST  0.34  0.66  0.51  0.16  0.50  0.00  0.47  0.33  2
GLS1_YEAST  0.20  0.34  0.33  0.10  0.50  0.00  0.48  0.31  6
6PGD_YEAST  0.74  0.53  0.50  0.08  0.50  0.00  0.55  0.31  0
GOG5_YEAST  0.69  0.48  0.38  0.15  0.50  0.00  0.55  0.22  5
GBA1_YEAST  0.30  0.50  0.47  0.11  0.50  0.00  0.46  0.22  0
GPDA_YEAST  0.44  0.51  0.48  0.38  0.50  0.00  0.52  0.22  0
PHSG_YEAST  0.31  0.45  0.50  0.17  0.50  0.00  0.49  0.22  0
PMGY_YEAST  0.55  0.41  0.56  0.21  0.50  0.00  0.52  0.22  0
PHO2_YEAST  0.40  0.34  0.52  0.17  0.50  0.00  0.47  0.51  2
SYG_YEAST   0.40  0.48  0.50  0.17  0.50  0.00  0.54  0.50  0
GSP1_YEAST  0.58  0.48  0.56  0.10  0.50  0.00  0.46  0.25  2
GSP2_YEAST  0.58  0.48  0.56  0.12  0.50  0.00  0.46  0.25  2
UGS1_YEAST  0.58  0.45  0.48  0.24  0.50  0.00  0.52  0.37  0
UGS2_YEAST  0.58  0.41  0.51  0.26  0.50  0.00  0.51  0.37  0
GTS1_YEAST  0.41  0.60  0.53  0.29  0.50  0.00  0.47  0.43  2
GPDM_YEAST  0.69  0.50  0.49  0.42  0.50  0.00  0.49  0.22  1
HAL1_YEAST  0.38  0.49  0.61  0.13  0.50  0.00  0.54  0.22  0
CYP1_YEAST  0.60  0.48  0.44  0.52  0.50  0.00  0.54  0.63  2
HAP2_YEAST  0.47  0.49  0.63  0.17  0.50  0.00  0.31  0.26  2
HAP3_YEAST  0.28  0.51  0.55  0.11  0.50  0.00  0.46  0.22  2
HAP4_YEAST  0.56  0.57  0.63  0.39  1.00  0.00  0.59  0.40  2
HBS1_YEAST  0.21  0.38  0.49  0.16  0.50  0.00  0.51  0.45  0
HCM1_YEAST  0.46  0.57  0.57  0.15  0.50  0.00  0.52  0.26  2
HDF1_YEAST  0.43  0.42  0.54  0.22  0.50  0.00  0.57  0.33  2
HEM1_YEAST  0.57  0.59  0.50  0.58  0.50  0.00  0.53  0.22  1
DCUP_YEAST  0.48  0.34  0.47  0.14  0.50  0.00  0.47  0.26  0
HEM6_YEAST  0.35  0.40  0.53  0.18  0.50  0.00  0.42  0.38  0
HEMZ_YEAST  0.47  0.45  0.53  0.62  0.50  0.00  0.46  0.22  1
HEM2_YEAST  0.53  0.43  0.47  0.15  0.50  0.00  0.58  0.22  0
HEM3_YEAST  0.46  0.45  0.56  0.16  0.50  0.00  0.56  0.22  0
HEX2_YEAST  0.44  0.42  0.62  0.14  0.50  0.00  0.55  0.37  2
H4_YEAST    0.37  0.34  0.58  0.24  0.50  0.00  0.44  0.18  2
H4_YEAST    0.37  0.34  0.58  0.24  0.50  0.00  0.44  0.18  2
H3_YEAST    0.39  0.39  0.55  0.52  0.50  0.00  0.37  0.16  2
H3_YEAST    0.39  0.39  0.55  0.52  0.50  0.00  0.37  0.16  2
HIP1_YEAST  0.48  0.46  0.38  0.29  0.50  0.00  0.53  0.22  6
HIR1_YEAST  0.48  0.57  0.50  0.09  0.50  0.00  0.52  0.42  2
HIR2_YEAST  0.61  0.57  0.45  0.21  0.50  0.00  0.50  0.42  2
HIS7_YEAST  0.56  0.44  0.56  0.19  0.50  0.00  0.54  0.22  0
HMD1_YEAST  0.51  0.63  0.30  0.35  0.50  0.00  0.53  0.27  6
HMD2_YEAST  0.53  0.68  0.34  0.42  0.50  0.00  0.54  0.27  6
MAT1_YEAST  0.37  0.22  0.64  0.35  0.50  0.00  0.47  0.22  2
MAT2_YEAST  0.51  0.48  0.58  0.22  0.50  0.00  0.50  0.28  2
MTA1_YEAST  0.49  0.37  0.59  0.17  0.50  0.00  0.51  0.22  2
MAT2_YEAST  0.51  0.48  0.58  0.22  0.50  0.00  0.50  0.28  2
HO_YEAST    0.53  0.53  0.53  0.17  0.50  0.00  0.49  0.37  2
HOP1_YEAST  0.29  0.68  0.47  0.26  0.50  0.00  0.47  0.37  2
HPR1_YEAST  0.50  0.45  0.49  0.15  0.50  0.00  0.55  0.43  2
HXTY_YEAST  0.33  0.28  0.31  0.24  0.50  0.00  0.53  0.22  6
YJ64_YEAST  0.85  0.85  0.30  0.31  0.50  0.00  0.55  0.42  3
HR25_YEAST  0.43  0.39  0.51  0.28  0.50  0.00  0.40  0.22  2
HS83_YEAST  0.61  0.54  0.49  0.16  0.50  0.00  0.54  0.42  0
HSF_YEAST   0.34  0.35  0.61  0.19  0.50  0.00  0.52  0.25  2
CH10_YEAST  0.55  0.53  0.56  0.29  0.50  0.00  0.48  0.22  1
H104_YEAST  0.66  0.62  0.52  0.17  0.50  0.00  0.49  0.22  0
HS26_YEAST  0.44  0.41  0.58  0.20  0.50  0.00  0.57  0.25  0
HS30_YEAST  0.37  0.62  0.34  0.25  0.50  0.00  0.51  0.22  6
HS60_YEAST  0.45  0.56  0.51  0.64  0.50  0.00  0.54  0.22  1
HSP7_YEAST  0.38  0.46  0.52  0.75  0.50  0.00  0.50  0.26  1
HS82_YEAST  0.61  0.54  0.49  0.19  0.50  0.00  0.54  0.47  0
H2A1_YEAST  0.44  0.53  0.52  0.37  0.50  0.00  0.50  0.22  2
H2A2_YEAST  0.44  0.53  0.52  0.37  0.50  0.00  0.50  0.22  2
H2B1_YEAST  0.32  0.34  0.61  0.17  0.50  0.00  0.52  0.32  2
H2B2_YEAST  0.34  0.34  0.61  0.18  0.50  0.00  0.52  0.32  2
SYH_YEAST   0.51  0.68  0.49  0.59  0.50  0.00  0.54  0.27  1
HXKA_YEAST  0.41  0.30  0.49  0.28  0.50  0.00  0.54  0.22  0
HXKB_YEAST  0.41  0.43  0.50  0.28  0.50  0.00  0.50  0.22  0
HXT1_YEAST  0.30  0.50  0.34  0.26  0.50  0.00  0.51  0.22  6
HXT2_YEAST  0.49  0.40  0.34  0.26  0.50  0.00  0.50  0.22  6
HXT3_YEAST  0.34  0.40  0.30  0.23  0.50  0.00  0.51  0.22  6
HXT4_YEAST  0.43  0.44  0.30  0.18  0.50  0.00  0.51  0.22  6
HXT5_YEAST  0.43  0.45  0.37  0.12  0.50  0.00  0.48  0.22  6
HXT6_YEAST  0.45  0.57  0.30  0.17  0.50  0.00  0.51  0.22  6
HXT7_YEAST  0.45  0.57  0.30  0.17  0.50  0.00  0.51  0.22  6
HXT8_YEAST  0.42  0.44  0.33  0.17  0.50  0.00  0.54  0.27  6
ACEA_YEAST  0.52  0.50  0.53  0.10  0.50  0.00  0.48  0.22  8
IDH1_YEAST  0.53  0.56  0.49  0.46  0.50  0.00  0.52  0.22  1
IDH2_YEAST  0.45  0.54  0.54  0.62  0.50  0.00  0.53  0.22  1
IPPI_YEAST  0.51  0.43  0.63  0.18  0.50  0.00  0.52  0.22  0
IDHP_YEAST  0.51  0.52  0.48  0.50  0.50  0.00  0.51  0.22  1
IF2M_YEAST  0.55  0.49  0.50  0.46  0.50  0.00  0.52  0.25  1
SYI_YEAST   0.50  0.46  0.52  0.16  0.50  0.00  0.52  0.26  0
THDH_YEAST  0.50  0.53  0.45  0.44  0.50  0.00  0.49  0.22  1
ILVB_YEAST  0.45  0.59  0.53  0.74  0.50  0.00  0.47  0.25  1
ILV5_YEAST  0.57  0.61  0.55  0.67  0.50  0.00  0.48  0.22  1
I3_YEAST  0.54  0.45  0.62  0.13  0.50  0.00  0.52  0.26  2
IMP1_YEAST  0.67  0.51  0.53  0.28  0.50  0.00  0.51  0.22  1
IMP2_YEAST  0.35  0.49  0.47  0.22  0.50  0.00  0.50  0.28  1
IATP_YEAST  0.47  0.63  0.66  0.45  0.50  0.00  0.37  0.11  1
INO1_YEAST  0.51  0.34  0.43  0.18  0.50  0.00  0.48  0.25  0
INO2_YEAST  0.56  0.45  0.59  0.14  0.50  0.00  0.51  0.26  2
INO4_YEAST  0.45  0.38  0.59  0.18  0.50  0.00  0.44  0.45  2
IPYR_YEAST  0.43  0.51  0.60  0.25  0.50  0.00  0.55  0.22  0
IRA1_YEAST  0.47  0.59  0.43  0.13  0.50  0.00  0.56  0.30  6
IRA2_YEAST  0.40  0.45  0.42  0.17  0.50  0.00  0.54  0.26  6
IRE1_YEAST  0.89  0.81  0.36  0.71  0.50  0.00  0.55  0.63  3
IS42_YEAST  0.58  0.55  0.52  0.22  0.50  0.00  0.44  0.22  1
ISP6_YEAST  0.59  0.57  0.46  0.14  0.50  0.00  0.52  0.22  1
ITR1_YEAST  0.49  0.41  0.32  0.21  0.50  0.00  0.50  0.32  6
ITR2_YEAST  0.35  0.53  0.35  0.33  0.50  0.00  0.50  0.32  6
IXR1_YEAST  0.42  0.32  0.61  0.13  0.50  0.00  0.14  0.27  2
YJ12_YEAST  0.50  0.46  0.42  0.32  0.50  0.00  0.56  0.55  6
YJ13_YEAST  0.68  0.50  0.43  0.27  0.50  0.00  0.61  0.22  5
YJ16_YEAST  0.50  0.45  0.49  0.30  0.50  0.00  0.47  0.40  2
ACOX_YEAST  0.46  0.41  0.50  0.44  0.50  0.00  0.53  0.22  1
YJ36_YEAST  0.32  0.36  0.34  0.19  0.50  0.00  0.55  0.26  6
YJ43_YEAST  0.40  0.51  0.42  0.13  0.50  0.00  0.45  0.25  6
YJ49_YEAST  0.70  0.73  0.37  0.37  0.50  0.00  0.48  0.31  3
YJ51_YEAST  0.81  0.76  0.32  0.37  0.50  0.00  0.51  0.22  5
YJ90_YEAST  0.65  0.61  0.39  0.30  0.50  0.00  0.57  0.28  6
YJ91_YEAST  0.47  0.43  0.35  0.32  0.50  0.00  0.54  0.22  6
JNM1_YEAST  0.42  0.25  0.60  0.14  0.50  0.00  0.45  0.22  0
KAR1_YEAST  0.23  0.34  0.41  0.28  0.50  0.00  0.50  0.27  2
GR78_YEAST  0.85  0.56  0.33  0.38  1.00  0.00  0.55  0.25  9
KAR3_YEAST  0.34  0.31  0.60  0.37  0.50  0.00  0.50  0.30  2
KEM1_YEAST  0.59  0.53  0.47  0.26  0.50  0.00  0.53  0.31  2
KEX1_YEAST  0.67  0.63  0.34  0.41  0.50  0.00  0.60  0.33  3
KEX2_YEAST  0.70  0.73  0.38  0.36  0.50  0.00  0.54  0.22  3
ODO1_YEAST  0.54  0.51  0.54  0.52  0.50  0.00  0.47  0.25  1
ODO2_YEAST  0.53  0.50  0.54  0.56  0.50  0.00  0.49  0.41  1
KHR1_YEAST  0.84  0.63  0.38  0.23  0.50  0.00  0.53  0.22  4
KHS1_YEAST  0.89  0.77  0.36  0.34  0.50  0.00  0.44  0.22  4
KIN1_YEAST  0.48  0.43  0.45  0.17  0.50  0.00  0.48  0.37  6
KIN2_YEAST  0.36  0.35  0.47  0.22  0.50  0.00  0.44  0.31  6
KI28_YEAST  0.57  0.49  0.48  0.16  0.50  0.00  0.51  0.22  2
KIP1_YEAST  0.43  0.52  0.53  0.52  1.00  0.00  0.49  0.22  0
KIP2_YEAST  0.38  0.49  0.54  1.00  0.50  0.00  0.50  0.27  0
SMI1_YEAST  0.43  0.32  0.56  0.27  0.50  0.00  0.47  0.27  2
KRE1_YEAST  0.84  0.87  0.45  0.54  0.50  0.00  0.28  0.22  3
KR11_YEAST  0.27  0.56  0.56  0.18  0.50  0.00  0.52  0.22  0
KRE2_YEAST  0.89  0.82  0.60  0.49  0.50  0.00  0.55  0.22  5
KRE5_YEAST  0.86  0.92  0.50  0.37  1.00  0.00  0.53  0.32  9
KRE6_YEAST  0.37  0.55  0.29  0.32  0.50  0.00  0.51  0.22  6
KRE9_YEAST  0.87  0.83  0.57  0.36  0.50  0.00  0.36  0.22  4
SYKC_YEAST  0.43  0.45  0.54  0.14  0.50  0.00  0.50  0.31  0
KSS1_YEAST  0.52  0.48  0.54  0.28  0.50  0.00  0.54  0.22  2
KTR1_YEAST  0.77  0.60  0.42  0.33  0.50  0.00  0.57  0.22  5
KTR2_YEAST  0.76  0.74  0.56  0.34  0.50  0.00  0.51  0.30  5
KTR3_YEAST  0.58  0.76  0.40  0.37  0.50  0.00  0.54  0.30  5
KTR4_YEAST  0.94  0.60  0.33  0.49  0.50  0.00  0.54  0.22  5
MSF1_YEAST  0.36  0.44  0.57  0.18  0.50  0.00  0.42  0.22  1
LAG1_YEAST  0.42  0.51  0.39  0.22  0.50  0.00  0.49  0.26  6
BLH1_YEAST  0.52  0.48  0.58  0.55  0.50  0.00  0.48  0.22  0
AMPL_YEAST  0.42  0.32  0.48  0.16  0.50  0.00  0.55  0.22  7
LAS1_YEAST  0.43  0.38  0.51  0.24  0.50  0.00  0.46  0.33  2
ODP2_YEAST  0.48  0.57  0.52  0.61  0.50  0.00  0.51  0.22  1
LCB1_YEAST  0.83  0.53  0.52  0.20  0.50  0.00  0.48  0.25  5
LCB2_YEAST  0.36  0.34  0.46  0.19  0.50  0.00  0.52  0.22  5
LEU2_YEAST  0.51  0.43  0.47  0.19  0.50  0.00  0.52  0.37  0
LEU3_YEAST  0.54  0.54  0.49  0.14  0.50  0.00  0.56  0.22  0
LEUR_YEAST  0.44  0.41  0.44  0.13  0.50  0.00  0.49  0.42  2
LEU1_YEAST  0.52  0.62  0.54  0.19  0.50  0.00  0.50  0.22  1
LGT3_YEAST  0.46  0.40  0.38  0.18  0.50  0.00  0.49  0.22  6
LIP5_YEAST  0.68  0.50  0.55  0.65  0.50  0.00  0.46  0.31  1
LOS1_YEAST  0.53  0.44  0.47  0.22  0.50  0.00  0.53  0.22  2
DLDH_YEAST  0.48  0.48  0.50  0.47  0.50  0.00  0.55  0.22  1
LYP1_YEAST  0.46  0.14  0.36  0.21  0.50  0.00  0.50  0.25  6
LYS1_YEAST  0.50  0.45  0.48  0.17  0.50  0.00  0.50  0.26  0
LY14_YEAST  0.44  0.53  0.43  0.17  0.50  0.00  0.54  0.75  2
LYS2_YEAST  0.46  0.47  0.46  0.16  0.50  0.00  0.51  0.22  0
MAC1_YEAST  0.52  0.49  0.57  0.57  0.50  0.00  0.51  0.22  2
MAD1_YEAST  0.62  0.64  0.56  0.20  0.50  0.00  0.48  0.33  2
MAG_YEAST   0.46  0.32  0.58  0.17  0.50  0.00  0.61  0.25  2
MK11_YEAST  0.78  0.48  0.47  0.30  0.50  0.00  0.53  0.47  5
MK16_YEAST  0.49  0.62  0.65  0.18  0.50  0.00  0.46  0.43  2
MAK3_YEAST  0.50  0.34  0.62  0.19  0.50  0.00  0.57  0.22  0
MA3T_YEAST  0.39  0.37  0.33  0.23  0.50  0.00  0.53  0.26  6
MA3S_YEAST  0.39  0.37  0.56  0.15  0.50  0.00  0.50  0.27  0
MA3R_YEAST  0.33  0.37  0.54  0.28  0.50  0.00  0.53  0.27  2
MA6T_YEAST  0.39  0.37  0.33  0.23  0.50  0.00  0.52  0.26  6
MA6R_YEAST  0.33  0.38  0.53  0.26  0.50  0.00  0.52  0.27  2
AMPM_YEAST  0.48  0.51  0.57  0.24  0.50  0.00  0.50  0.22  0
MPP2_YEAST  0.50  0.62  0.54  0.66  0.50  0.00  0.49  0.22  1
MPP1_YEAST  0.47  0.54  0.54  0.48  0.50  0.00  0.53  0.26  1
OM20_YEAST  0.72  0.58  0.42  0.28  0.50  0.00  0.48  0.22  1
MAS6_YEAST  0.41  0.41  0.51  0.19  0.50  0.00  0.57  0.22  1
OM70_YEAST  0.81  0.65  0.52  0.41  0.50  0.00  0.57  0.26  1
MBP1_YEAST  0.50  0.49  0.52  0.20  0.50  0.00  0.43  0.52  2
MCM1_YEAST  0.18  0.48  0.46  0.12  0.50  0.00  0.00  0.25  2
MCM2_YEAST  0.26  0.38  0.52  0.36  0.50  0.00  0.48  0.56  2
MCM3_YEAST  0.53  0.51  0.51  0.11  0.50  0.00  0.49  0.41  2
MDHM_YEAST  0.58  0.49  0.50  0.41  0.50  0.00  0.57  0.22  1
MDHC_YEAST  0.62  0.60  0.47  0.16  0.50  0.00  0.53  0.22  0
MDHP_YEAST  0.68  0.58  0.51  0.19  0.50  0.83  0.54  0.22  8
MDJ1_YEAST  0.40  0.52  0.53  0.52  0.50  0.00  0.51  0.22  1
MDL1_YEAST  0.51  0.47  0.41  0.44  0.50  0.00  0.50  0.22  6
MDL2_YEAST  0.72  0.56  0.40  0.26  0.50  0.00  0.51  0.26  5
MDM1_YEAST  0.49  0.44  0.45  0.22  0.50  0.00  0.51  0.22  0
MD10_YEAST  0.32  0.47  0.55  0.25  0.50  0.00  0.49  0.22  1
MDS1_YEAST  0.46  0.57  0.52  0.28  0.50  0.00  0.52  0.22  2
EFG1_YEAST  0.53  0.48  0.45  0.44  0.50  0.00  0.49  0.27  1
EFG2_YEAST  0.49  0.48  0.46  0.63  0.50  0.00  0.52  0.22  1
MEIX_YEAST  0.70  0.53  0.42  0.22  0.50  0.00  0.51  0.28  2
AGAL_YEAST  0.68  0.68  0.49  0.15  0.50  0.00  0.53  0.22  4
MEP1_YEAST  0.47  0.60  0.35  0.21  0.50  0.00  0.52  0.22  6
MER1_YEAST  0.55  0.49  0.45  0.18  0.50  0.00  0.49  0.22  2
MER2_YEAST  0.40  0.53  0.61  0.21  0.50  0.00  0.48  0.33  2
SYMC_YEAST  0.57  0.44  0.42  0.20  0.50  0.00  0.54  0.22  0
MET2_YEAST  0.40  0.47  0.48  0.18  0.50  0.00  0.46  0.22  0
MT17_YEAST  0.34  0.54  0.54  0.13  0.50  0.00  0.52  0.22  0
MT28_YEAST  0.43  0.83  0.55  0.20  0.50  0.00  0.47  0.40  2
MET4_YEAST  0.55  0.65  0.50  0.28  0.50  0.00  0.55  0.22  2
METE_YEAST  0.29  0.46  0.54  0.27  0.50  0.00  0.49  0.22  0
MFA2_YEAST  0.46  0.42  0.60  0.21  0.50  0.00  0.40  0.22  4
MFA3_YEAST  0.80  0.81  0.55  0.35  0.50  0.00  0.42  0.22  4
MFA4_YEAST  0.79  0.74  0.49  0.33  0.50  0.00  0.48  0.22  4
GRPE_YEAST  0.45  0.48  0.63  0.67  0.50  0.00  0.48  0.22  1
MGM1_YEAST  0.66  0.52  0.52  0.44  0.50  0.00  0.56  0.27  1
M101_YEAST  0.50  0.49  0.59  0.47  0.50  0.00  0.49  0.36  1
MGMT_YEAST  0.54  0.52  0.54  0.20  0.50  0.00  0.55  0.25  2
MIF2_YEAST  0.37  0.31  0.53  0.16  0.50  0.00  0.53  0.44  2
MIG1_YEAST  0.43  0.39  0.59  0.13  0.50  0.00  0.41  0.43  2
DPOG_YEAST  0.48  0.47  0.54  0.55  0.50  0.00  0.51  0.65  1
MPCP_YEAST  0.60  0.59  0.45  0.23  0.50  0.00  0.55  0.22  1
C1TM_YEAST  0.45  0.73  0.47  0.65  0.50  0.00  0.54  0.43  1
MLH1_YEAST  0.66  0.54  0.49  0.16  0.50  0.00  0.54  0.36  2
MLP1_YEAST  0.46  0.55  0.61  0.13  0.50  0.00  0.47  0.22  0
MASY_YEAST  0.42  0.50  0.53  0.22  0.50  0.83  0.50  0.22  8
MNN1_YEAST  0.66  0.66  0.32  0.54  0.50  0.00  0.51  0.22  5
MNN9_YEAST  0.74  0.56  0.35  0.36  0.50  0.00  0.51  0.25  5
MNS1_YEAST  0.89  0.52  0.41  0.26  0.50  0.00  0.52  0.31  5
MOD5_YEAST  0.67  0.51  0.54  0.21  0.50  0.00  0.43  0.30  1
MOT1_YEAST  0.58  0.46  0.46  0.34  0.50  0.00  0.50  0.43  2
MPI1_YEAST  0.40  0.68  0.50  0.82  0.50  0.00  0.44  0.36  1
MPI2_YEAST  0.59  0.57  0.43  0.26  0.50  0.00  0.51  0.22  1
MR11_YEAST  0.39  0.30  0.56  0.12  0.50  0.00  0.53  0.38  2
RF1M_YEAST  0.60  0.62  0.54  0.40  0.50  0.00  0.50  0.22  1
RT01_YEAST  0.36  0.40  0.53  0.48  0.50  0.00  0.48  0.22  1
RT13_YEAST  0.51  0.42  0.56  0.38  0.50  0.00  0.46  0.22  1
RT17_YEAST  0.41  0.54  0.58  0.20  0.50  0.00  0.52  0.22  1
RT02_YEAST  0.57  0.40  0.62  0.30  0.50  0.00  0.48  0.11  1
RM41_YEAST  0.52  0.50  0.59  0.31  0.50  0.00  0.50  0.22  1
RT04_YEAST  0.42  0.53  0.53  0.64  0.50  0.00  0.47  0.22  1
RM49_YEAST  0.50  0.46  0.64  0.36  0.50  0.00  0.49  0.22  1
RM02_YEAST  0.60  0.51  0.60  0.38  0.50  0.83  0.52  0.24  1
RT08_YEAST  0.45  0.38  0.64  0.14  0.50  0.00  0.54  0.22  1
RM13_YEAST  0.60  0.57  0.64  0.52  0.50  0.00  0.47  0.28  1
RM16_YEAST  0.53  0.42  0.58  0.29  0.50  0.00  0.50  0.22  1
RM20_YEAST  0.41  0.52  0.53  0.41  0.50  0.00  0.39  0.33  1
RM25_YEAST  0.45  0.43  0.63  0.40  0.50  0.00  0.59  0.11  1
RM27_YEAST  0.44  0.44  0.67  0.35  0.50  0.00  0.48  0.26  1
RM31_YEAST  0.58  0.52  0.61  0.33  0.50  0.00  0.38  0.11  1
RM32_YEAST  0.57  0.61  0.55  0.27  0.50  0.00  0.44  0.21  1
RM33_YEAST  0.57  0.58  0.58  0.35  0.50  0.00  0.49  0.22  1
RM36_YEAST  0.64  0.64  0.56  0.21  0.50  0.00  0.50  0.22  1
RM37_YEAST  0.56  0.50  0.61  0.49  0.50  0.00  0.46  0.28  1
RM38_YEAST  0.60  0.46  0.59  0.16  0.50  0.00  0.49  0.22  1
RM04_YEAST  0.36  0.38  0.56  0.44  0.50  0.00  0.48  0.22  1
RM44_YEAST  0.53  0.52  0.61  0.35  0.50  0.00  0.50  0.22  1
RM06_YEAST  0.62  0.59  0.54  0.47  0.50  0.00  0.46  0.22  1
RM08_YEAST  0.55  0.50  0.60  0.31  0.50  0.00  0.46  0.27  1
RM09_YEAST  0.58  0.53  0.57  0.46  0.50  0.00  0.51  0.27  1
RT28_YEAST  0.65  0.53  0.55  0.52  0.50  0.00  0.47  0.27  1
RT05_YEAST  0.38  0.54  0.54  0.41  0.50  0.00  0.51  0.22  1
RT09_YEAST  0.58  0.53  0.50  0.53  0.50  0.00  0.47  0.31  1
MRS1_YEAST  0.61  0.46  0.51  0.37  0.50  0.00  0.51  0.22  1
MRS2_YEAST  0.55  0.59  0.47  0.64  0.50  0.00  0.54  0.33  1
MRS3_YEAST  0.54  0.64  0.50  0.13  0.50  0.00  0.49  0.22  1
MRS4_YEAST  0.40  0.74  0.49  0.16  0.50  0.00  0.51  0.22  1
MSB2_YEAST  0.76  0.76  0.35  0.27  0.50  0.00  0.44  0.22  3
SYDM_YEAST  0.51  0.56  0.51  0.42  0.50  0.00  0.53  0.36  1
SYFM_YEAST  0.43  0.32  0.50  0.29  0.50  0.00  0.50  0.22  1
MSH1_YEAST  0.49  0.44  0.45  0.55  0.50  0.00  0.48  0.22  1
MSH2_YEAST  0.32  0.45  0.44  0.20  0.50  0.00  0.55  0.33  2
MSH3_YEAST  0.51  0.60  0.51  0.26  0.50  0.00  0.54  0.22  2
MSH4_YEAST  0.49  0.46  0.42  0.46  0.50  0.00  0.55  0.22  2
SYKM_YEAST  0.50  0.56  0.49  0.61  0.50  0.00  0.50  0.22  1
SYMM_YEAST  0.51  0.48  0.51  0.43  0.50  0.00  0.49  0.22  1
MSN1_YEAST  0.52  0.38  0.62  0.12  0.50  0.00  0.41  0.28  2
MSN2_YEAST  0.53  0.40  0.57  0.12  0.50  0.00  0.53  0.32  2
MSN4_YEAST  0.51  0.56  0.62  0.24  0.50  0.00  0.52  0.51  2
MSP1_YEAST  0.63  0.60  0.50  0.27  0.50  0.00  0.55  0.22  1
SYR_YEAST   0.46  0.44  0.53  0.31  0.50  0.00  0.48  0.22  1
MSS1_YEAST  0.58  0.57  0.54  0.69  0.50  0.00  0.54  0.22  1
MS16_YEAST  0.61  0.59  0.47  0.49  0.50  0.00  0.54  0.22  1
MS18_YEAST  0.63  0.47  0.56  0.12  0.50  0.00  0.50  0.22  1
MS51_YEAST  0.55  0.53  0.54  0.40  0.50  0.00  0.48  0.22  1
SYTM_YEAST  0.41  0.47  0.58  0.62  0.50  0.00  0.50  0.22  1
SYWM_YEAST  0.44  0.53  0.53  0.37  0.50  0.00  0.51  0.22  1
MTD1_YEAST  0.57  0.40  0.48  0.24  0.50  0.00  0.55  0.22  0
MTF1_YEAST  0.46  0.46  0.56  0.12  0.50  0.00  0.55  0.22  1
RU1A_YEAST  0.47  0.46  0.55  0.28  0.50  0.00  0.44  0.46  2
YKH4_YEAST  0.39  0.35  0.49  0.17  0.50  0.00  0.49  0.22  2
MYS1_YEAST  0.58  0.38  0.40  0.21  0.50  0.00  0.50  0.22  0
MYS2_YEAST  0.53  0.41  0.50  0.24  1.00  0.00  0.47  0.22  0
MYS4_YEAST  0.43  0.40  0.50  0.18  0.50  0.00  0.50  0.28  0
YN19_YEAST  0.41  0.59  0.46  0.19  0.50  0.00  0.36  0.22  4
YN46_YEAST  0.58  0.56  0.52  0.25  0.50  0.00  0.57  0.35  2
YN70_YEAST  0.51  0.65  0.53  0.19  0.50  0.00  0.49  0.22  4
YN94_YEAST  0.81  0.79  0.32  0.37  0.50  0.00  0.41  0.22  3
YNE2_YEAST  0.44  0.41  0.29  0.21  0.50  0.00  0.49  0.22  6
NAB1_YEAST  0.49  0.60  0.55  0.17  0.50  0.00  0.44  0.22  0
NAB2_YEAST  0.56  0.63  0.52  0.20  0.50  0.00  0.34  0.26  2
NAB3_YEAST  0.42  0.28  0.57  0.18  0.50  0.00  0.42  0.22  2
NAM1_YEAST  0.51  0.46  0.54  0.41  0.50  0.00  0.53  0.22  1
SYLM_YEAST  0.60  0.51  0.52  0.45  0.50  0.00  0.50  0.27  1
NAM7_YEAST  0.37  0.41  0.45  0.14  0.50  0.00  0.47  0.22  0
NAM9_YEAST  0.37  0.51  0.57  0.40  0.50  0.00  0.48  0.27  1
NAP1_YEAST  0.36  0.39  0.55  0.26  0.50  0.00  0.49  0.22  2
NAT1_YEAST  0.50  0.36  0.53  0.41  0.50  0.00  0.55  0.36  0
NAT2_YEAST  0.59  0.58  0.39  0.52  0.50  0.00  0.50  0.31  0
NCPR_YEAST  0.78  0.63  0.53  0.13  0.50  0.00  0.54  0.22  5
NDC1_YEAST  0.47  0.59  0.37  0.31  0.50  0.00  0.51  0.36  2
CB31_YEAST  0.48  0.62  0.52  0.30  0.50  0.00  0.51  0.37  2
NDI1_YEAST  0.53  0.61  0.51  0.49  0.50  0.00  0.54  0.27  1
NFS1_YEAST  0.48  0.54  0.53  0.60  0.50  0.00  0.53  0.31  2
ADA3_YEAST  0.33  0.46  0.53  0.29  0.50  0.00  0.50  0.55  2
NHP2_YEAST  0.36  0.44  0.51  0.17  0.50  0.00  0.60  0.19  2
NHPA_YEAST  0.39  0.34  0.68  0.30  0.50  0.00  0.50  0.29  2
NHPB_YEAST  0.11  0.41  0.67  0.13  0.50  0.00  0.45  0.29  2
NI96_YEAST  0.40  0.53  0.44  0.18  0.50  0.00  0.54  0.31  2
NIN1_YEAST  0.47  0.50  0.55  0.19  0.50  0.00  0.62  0.22  0
NIP1_YEAST  0.35  0.50  0.44  0.27  0.50  0.00  0.51  0.22  0
NMD2_YEAST  0.36  0.30  0.50  0.19  0.50  0.00  0.55  0.30  2
NMT_YEAST   0.49  0.44  0.51  0.18  0.50  0.00  0.52  0.27  0
FBRL_YEAST  0.35  0.44  0.54  0.26  0.50  0.00  0.52  0.26  2
NOP2_YEAST  0.43  0.28  0.53  0.34  0.50  0.00  0.55  0.57  2
NOP4_YEAST  0.33  0.48  0.55  0.16  0.50  0.00  0.53  0.75  2
NOT3_YEAST  0.45  0.21  0.49  0.24  0.50  0.00  0.46  0.31  2
NOP3_YEAST  0.44  0.34  0.61  0.13  0.50  0.00  0.49  0.26  2
NSP1_YEAST  0.87  0.47  0.60  0.47  0.50  0.00  0.59  0.22  2
NSR1_YEAST  0.30  0.55  0.58  0.16  0.50  0.00  0.61  0.28  2
TREA_YEAST  0.29  0.34  0.55  0.24  0.50  0.00  0.51  0.22  0
21_YEAST  0.75  0.67  0.51  0.29  0.50  0.00  0.52  0.36  1
RNC1_YEAST  0.47  0.47  0.50  0.15  0.50  0.00  0.50  0.48  2
NUF1_YEAST  0.51  0.34  0.49  0.16  0.50  0.00  0.53  0.21  2
NUF2_YEAST  0.64  0.76  0.51  0.18  0.50  0.00  0.46  0.22  2
NUP1_YEAST  0.45  0.41  0.58  0.48  0.50  0.00  0.53  0.64  2
N100_YEAST  0.90  0.54  0.59  0.20  0.50  0.00  0.48  0.22  2
N116_YEAST  0.88  0.59  0.54  0.39  0.50  0.00  0.41  0.30  2
YK62_YEAST  0.70  0.51  0.47  0.24  0.50  0.00  0.53  0.25  2
NUP2_YEAST  0.25  0.36  0.58  0.30  0.50  0.00  0.58  0.31  2
NU49_YEAST  0.69  0.62  0.49  0.00  1.00  0.00  0.47  0.22  2
OCH1_YEAST  0.83  0.57  0.42  0.57  0.50  0.00  0.50  0.32  5
ACO1_YEAST  0.43  0.38  0.38  0.12  0.50  0.00  0.50  0.22  5
ATP9_YEAST  0.78  0.65  0.40  0.16  0.50  0.00  0.63  0.22  1
ATP6_YEAST  0.52  0.64  0.34  0.16  0.50  0.00  0.57  0.22  1
OM45_YEAST  0.75  0.66  0.64  0.39  0.50  0.00  0.46  0.32  1
PORI_YEAST  0.41  0.49  0.58  0.22  0.50  0.00  0.52  0.22  1
OPI1_YEAST  0.58  0.51  0.56  0.16  0.50  0.00  0.34  0.22  2
PEM2_YEAST  0.48  0.49  0.45  0.23  0.50  0.00  0.51  0.22  6
ORC2_YEAST  0.39  0.42  0.49  0.10  0.50  0.00  0.49  0.65  2
YHR8_YEAST  0.31  0.42  0.48  0.17  0.50  0.00  0.49  0.53  2
YM38_YEAST  0.39  0.28  0.54  0.14  0.50  0.00  0.59  0.22  1
YINO_YEAST  0.76  0.67  0.37  0.22  0.50  0.00  0.54  0.22  5
YDA2_YEAST  0.49  0.27  0.57  0.18  0.50  0.83  0.54  0.22  8
PABP_YEAST  0.28  0.48  0.56  0.16  0.50  0.00  0.48  0.26  0
PAN1_YEAST  0.69  0.39  0.52  0.12  0.50  0.00  0.38  0.35  0
PAP_YEAST   0.64  0.52  0.50  0.26  0.50  0.00  0.51  0.31  2
PAS1_YEAST  0.56  0.48  0.50  0.30  0.50  0.00  0.51  0.22  0
PTSR_YEAST  0.50  0.50  0.54  0.16  0.50  0.00  0.49  0.22  8
UBCX_YEAST  0.47  0.43  0.59  0.27  0.50  0.00  0.55  0.22  8
PAS3_YEAST  0.68  0.59  0.44  0.49  0.50  0.00  0.40  0.26  8
PAS7_YEAST  0.50  0.51  0.57  0.27  0.50  0.00  0.48  0.22  8
IPB2_YEAST  0.45  0.46  0.61  0.20  0.50  0.00  0.62  0.22  0
ATC2_YEAST  0.53  0.51  0.36  0.13  0.50  0.00  0.52  0.22  6
ODPA_YEAST  0.60  0.54  0.54  0.53  0.50  0.00  0.52  0.27  1
ODPB_YEAST  0.49  0.52  0.53  0.70  0.50  0.00  0.51  0.22  1
DCP1_YEAST  0.49  0.45  0.53  0.16  0.50  0.00  0.49  0.31  0
PDC2_YEAST  0.51  0.46  0.57  0.25  0.50  0.00  0.53  0.22  0
DCP2_YEAST  0.49  0.45  0.46  0.18  0.50  0.00  0.49  0.31  0
DCP3_YEAST  0.52  0.46  0.51  0.18  0.50  0.00  0.50  0.22  0
CNA1_YEAST  0.55  0.59  0.52  0.10  0.50  0.00  0.53  0.22  0
CNA2_YEAST  0.39  0.58  0.50  0.10  0.50  0.00  0.51  0.25  0
PDI_YEAST   0.70  0.84  0.49  0.28  1.00  0.00  0.58  0.22  9
PDR1_YEAST  0.33  0.38  0.45  0.19  0.50  0.00  0.54  0.37  2
PDR3_YEAST  0.61  0.46  0.44  0.47  0.50  0.00  0.50  0.37  2
PDR5_YEAST  0.41  0.48  0.38  0.13  0.50  0.00  0.51  0.35  6
PDS1_YEAST  0.37  0.42  0.60  0.13  0.50  0.00  0.51  0.22  2
ODPX_YEAST  0.45  0.58  0.59  0.44  0.50  0.00  0.56  0.22  1
PEP1_YEAST  0.74  0.89  0.32  0.24  0.50  0.00  0.54  0.32  3
PE12_YEAST  0.28  0.46  0.26  0.18  0.50  0.00  0.39  0.22  7
PEP3_YEAST  0.51  0.46  0.49  0.21  0.50  0.00  0.55  0.22  7
CARP_YEAST  0.80  0.82  0.57  0.26  0.50  0.00  0.57  0.27  7
END1_YEAST  0.46  0.49  0.45  0.28  0.50  0.00  0.55  0.22  7
PEP8_YEAST  0.40  0.36  0.55  0.15  0.50  0.00  0.53  0.22  7
PES4_YEAST  0.67  0.46  0.58  0.30  0.50  0.00  0.57  0.27  2
PT11_YEAST  0.50  0.32  0.49  0.49  0.50  0.00  0.48  0.32  1
PT12_YEAST  0.45  0.53  0.47  0.43  0.50  0.00  0.50  0.27  1
PT17_YEAST  0.75  0.60  0.43  0.35  0.50  0.00  0.45  0.27  1
PT22_YEAST  0.56  0.68  0.52  0.39  0.50  0.00  0.36  0.22  1
RTPT_YEAST  0.48  0.45  0.59  0.35  0.50  0.00  0.55  0.30  1
PT27_YEAST  0.26  0.28  0.60  0.20  0.50  0.00  0.54  0.31  1
PT91_YEAST  0.59  0.45  0.58  0.21  0.50  0.00  0.49  0.22  1
PT09_YEAST  0.48  0.52  0.49  0.35  0.50  0.50  0.51  0.22  1
PT94_YEAST  0.59  0.58  0.47  0.61  0.50  0.00  0.44  0.30  1
PT54_YEAST  0.50  0.57  0.62  0.25  0.50  0.00  0.51  0.22  1
K6P1_YEAST  0.57  0.49  0.50  0.20  0.50  0.00  0.51  0.28  0
K6P2_YEAST  0.62  0.43  0.49  0.29  0.50  0.00  0.50  0.27  0
6P2K_YEAST  0.45  0.41  0.49  0.14  1.00  0.00  0.53  0.30  0
PROF_YEAST  0.47  0.49  0.60  0.15  0.50  0.00  0.38  0.22  0
PGD1_YEAST  0.41  0.48  0.54  0.24  0.50  0.00  0.37  0.51  2
G6PI_YEAST  0.46  0.46  0.53  0.23  0.50  0.00  0.51  0.22  0
PGK_YEAST   0.48  0.42  0.48  0.19  0.50  0.00  0.58  0.22  0
PGM1_YEAST  0.43  0.45  0.53  0.19  0.50  0.00  0.56  0.22  0
PGM2_YEAST  0.28  0.36  0.55  0.15  0.50  0.00  0.57  0.22  0
PHD1_YEAST  0.48  0.46  0.58  0.26  0.50  0.00  0.44  0.22  2
PPAB_YEAST  0.74  0.72  0.50  0.28  0.50  0.00  0.50  0.27  4
PPAC_YEAST  0.74  0.72  0.50  0.28  0.50  0.00  0.49  0.27  4
PNPP_YEAST  0.38  0.62  0.52  0.14  0.50  0.00  0.53  0.22  0
PPA3_YEAST  0.77  0.72  0.48  0.26  0.50  0.00  0.51  0.22  4
PHO4_YEAST  0.44  0.42  0.57  0.22  0.50  0.00  0.50  0.25  2
PPA5_YEAST  0.74  0.74  0.51  0.27  0.50  0.00  0.50  0.22  4
PPB_YEAST   0.39  0.81  0.35  0.28  0.50  0.00  0.51  0.45  6
PH80_YEAST  0.53  0.54  0.43  0.18  0.50  0.00  0.53  0.31  2
PH84_YEAST  0.38  0.45  0.37  0.19  0.50  0.00  0.52  0.30  6
PH85_YEAST  0.40  0.37  0.54  0.13  0.50  0.00  0.48  0.22  2
YCS7_YEAST  0.31  0.30  0.34  0.19  0.50  0.00  0.55  0.30  6
PHR_YEAST   0.50  0.42  0.57  0.49  0.50  0.00  0.48  0.27  2
PIF1_YEAST  0.59  0.61  0.51  0.62  0.50  0.00  0.51  0.38  1
PIK1_YEAST  0.45  0.40  0.43  0.22  0.50  0.00  0.51  0.48  2
LONM_YEAST  0.47  0.54  0.53  0.77  0.50  0.00  0.52  0.36  1
PIR1_YEAST  0.77  0.78  0.51  0.28  0.50  0.00  0.33  0.22  4
H150_YEAST  0.74  0.71  0.52  0.30  0.50  0.00  0.27  0.22  4
PIR3_YEAST  0.77  0.73  0.51  0.27  0.50  0.00  0.34  0.22  4
PIS_YEAST   0.47  0.61  0.50  0.23  0.50  0.00  0.49  0.22  6
PLB1_YEAST  0.78  0.69  0.44  0.26  0.50  0.00  0.54  0.22  3
ATH1_YEAST  0.49  0.60  0.30  0.34  0.50  0.00  0.50  0.43  6
ATH2_YEAST  0.27  0.56  0.30  0.14  0.50  0.00  0.52  0.39  6
ATC3_YEAST  0.40  0.39  0.33  0.17  0.50  0.00  0.51  0.31  7
MANA_YEAST  0.55  0.51  0.54  0.20  0.50  0.00  0.56  0.22  0
PMP1_YEAST  0.95  0.71  0.27  0.39  0.50  0.00  0.31  0.22  5
PMP2_YEAST  0.97  0.71  0.29  0.42  0.50  0.00  0.35  0.22  5
ATC1_YEAST  0.44  0.43  0.34  0.21  0.50  0.00  0.55  0.40  6
ATN1_YEAST  0.39  0.49  0.30  0.19  0.50  0.00  0.52  0.31  6
PMS1_YEAST  0.38  0.48  0.51  0.13  0.50  0.00  0.50  0.32  2
PMT1_YEAST  0.37  0.51  0.39  0.18  0.50  0.00  0.51  0.27  6
PMT2_YEAST  0.27  0.49  0.36  0.26  0.50  0.00  0.49  0.26  6
POB1_YEAST  0.49  0.48  0.52  0.20  0.50  0.00  0.55  0.22  2
DPOA_YEAST  0.36  0.39  0.54  0.16  0.50  0.00  0.50  0.28  2
DPO2_YEAST  0.54  0.53  0.48  0.14  0.50  0.00  0.49  0.33  2
DPOE_YEAST  0.37  0.48  0.50  0.26  0.50  0.00  0.52  0.39  2
DPOD_YEAST  0.25  0.39  0.50  0.23  0.50  0.00  0.50  0.28  2
PCNA_YEAST  0.49  0.71  0.54  0.13  0.50  0.00  0.58  0.22  2
DPO4_YEAST  0.56  0.50  0.56  0.26  0.50  0.00  0.53  0.27  2
P152_YEAST  0.41  0.53  0.41  0.15  0.50  0.00  0.54  0.25  2
POP2_YEAST  0.50  0.45  0.53  0.21  0.50  0.00  0.28  0.22  2
CAO_YEAST   0.46  0.37  0.48  0.36  0.50  0.00  0.48  0.22  8
PPA1_YEAST  0.66  0.55  0.34  0.20  0.50  0.00  0.62  0.22  6
IPY2_YEAST  0.42  0.65  0.58  0.34  0.50  0.00  0.50  0.22  1
PPCK_YEAST  0.45  0.47  0.53  0.15  0.50  0.00  0.52  0.27  0
PPR1_YEAST  0.42  0.28  0.51  0.23  0.50  0.00  0.53  0.27  2
PPX1_YEAST  0.51  0.48  0.46  0.29  0.50  0.00  0.54  0.22  0
PRTB_YEAST  0.75  0.69  0.48  0.13  0.50  0.00  0.57  0.40  7
CBPY_YEAST  0.69  0.70  0.50  0.30  0.50  0.00  0.54  0.22  7
PRTD_YEAST  0.63  0.55  0.53  0.51  0.50  0.00  0.55  0.22  7
PRCG_YEAST  0.55  0.63  0.54  0.16  0.50  0.00  0.45  0.27  0
PRCE_YEAST  0.46  0.62  0.54  0.25  0.50  0.00  0.46  0.22  0
PRCD_YEAST  0.53  0.59  0.48  0.14  0.50  0.00  0.51  0.22  0
PRCH_YEAST  0.42  0.53  0.57  0.17  0.50  0.00  0.49  0.22  0
PRC2_YEAST  0.52  0.46  0.56  0.20  0.50  0.00  0.50  0.22  0
PRC6_YEAST  0.53  0.43  0.57  0.24  0.50  0.00  0.39  0.28  0
PRI1_YEAST  0.33  0.35  0.56  0.19  0.50  0.00  0.50  0.22  2
PRI2_YEAST  0.45  0.48  0.56  0.56  0.50  0.00  0.47  0.22  2
PROB_YEAST  0.56  0.48  0.50  0.17  0.50  0.00  0.51  0.26  0
PROC_YEAST  0.77  0.57  0.45  0.17  0.50  0.00  0.53  0.22  0
PR16_YEAST  0.56  0.59  0.54  0.18  0.50  0.00  0.48  0.46  2
PR18_YEAST  0.33  0.39  0.52  0.09  0.50  0.00  0.47  0.28  2
PR19_YEAST  0.48  0.41  0.54  0.39  0.50  0.00  0.51  0.22  2
PR02_YEAST  0.30  0.30  0.46  0.32  0.50  0.00  0.45  0.22  2
PR21_YEAST  0.38  0.26  0.60  0.10  0.50  0.00  0.48  0.44  2
PR22_YEAST  0.68  0.39  0.50  0.15  0.50  0.00  0.48  0.37  2
PR28_YEAST  0.62  0.41  0.52  0.17  0.50  0.00  0.48  0.22  2
PR38_YEAST  0.52  0.37  0.48  0.13  0.50  0.00  0.55  0.22  2
PR39_YEAST  0.32  0.48  0.49  0.17  0.50  0.00  0.47  0.22  2
PR04_YEAST  0.34  0.35  0.58  0.20  0.50  0.00  0.46  0.32  2
PR05_YEAST  0.33  0.21  0.53  0.15  1.00  0.00  0.52  0.50  2
PR06_YEAST  0.49  0.45  0.57  0.24  0.50  0.00  0.47  0.38  2
PR08_YEAST  0.40  0.28  0.48  0.06  0.50  0.00  0.49  0.42  2
PR09_YEAST  0.51  0.39  0.56  0.25  0.50  0.00  0.51  0.33  2
PRC8_YEAST  0.45  0.45  0.52  0.17  0.50  0.00  0.54  0.22  0
PRC5_YEAST  0.28  0.51  0.55  0.19  0.50  0.00  0.57  0.22  0
PRC3_YEAST  0.51  0.51  0.56  0.28  0.50  0.00  0.54  0.27  0
PRC9_YEAST  0.48  0.56  0.49  0.32  0.50  0.00  0.50  0.22  0
PRT1_YEAST  0.59  0.46  0.48  0.46  0.50  0.00  0.49  0.22  0
DPSD_YEAST  0.51  0.46  0.40  0.65  0.50  0.00  0.49  0.22  1
SNM1_YEAST  0.37  0.44  0.51  0.56  0.50  0.00  0.50  0.38  2
PTM1_YEAST  0.81  0.55  0.35  0.34  0.50  0.00  0.51  0.22  5
PTP1_YEAST  0.53  0.45  0.53  0.18  0.50  0.00  0.42  0.22  0
PTP2_YEAST  0.45  0.27  0.50  0.33  0.50  0.00  0.53  0.26  0
PTR2_YEAST  0.36  0.33  0.38  0.15  0.50  0.00  0.55  0.36  6
PUB1_YEAST  0.48  0.50  0.56  0.11  0.50  0.00  0.33  0.22  0
PRCF_YEAST  0.35  0.47  0.53  0.19  0.50  0.00  0.48  0.22  0
PRCZ_YEAST  0.48  0.48  0.56  0.18  0.50  0.00  0.58  0.22  0
PUT1_YEAST  0.60  0.59  0.47  0.47  0.50  0.00  0.53  0.22  1
PUT2_YEAST  0.45  0.53  0.51  0.42  0.50  0.00  0.52  0.22  1
PUT3_YEAST  0.29  0.40  0.41  0.48  0.50  0.00  0.53  0.30  2
PUT4_YEAST  0.58  0.53  0.33  0.26  0.50  0.00  0.51  0.22  6
PYC1_YEAST  0.46  0.43  0.50  0.24  0.50  0.00  0.48  0.31  0
PYC2_YEAST  0.43  0.46  0.50  0.21  0.50  0.00  0.49  0.34  0
KPYK_YEAST  0.61  0.55  0.51  0.26  0.50  0.00  0.52  0.22  0
UCRX_YEAST  0.50  0.62  0.52  0.30  0.50  0.00  0.56  0.22  1
UCR2_YEAST  0.49  0.45  0.54  0.40  0.50  0.00  0.55  0.22  1
UCR6_YEAST  0.64  0.53  0.59  0.14  0.50  0.00  0.53  0.22  1
UCRQ_YEAST  0.57  0.60  0.54  0.17  0.50  0.00  0.52  0.22  1
UCR8_YEAST  0.38  0.31  0.59  0.19  0.50  0.00  0.46  0.22  1
UCR9_YEAST  0.68  0.53  0.44  0.31  0.50  0.00  0.51  0.22  1
RAD1_YEAST  0.24  0.41  0.47  0.16  0.50  0.00  0.51  0.38  2
RA10_YEAST  0.61  0.39  0.53  0.14  0.50  0.00  0.43  0.26  2
RA14_YEAST  0.39  0.16  0.59  0.08  0.50  0.00  0.51  0.27  2
RA16_YEAST  0.33  0.28  0.50  0.40  0.50  0.00  0.46  0.61  2
RA18_YEAST  0.51  0.55  0.56  0.18  0.50  0.00  0.50  0.38  2
RAD2_YEAST  0.39  0.44  0.54  0.24  0.50  0.00  0.51  0.49  2
RA23_YEAST  0.43  0.48  0.53  0.18  0.50  0.00  0.46  0.22  2
RA26_YEAST  0.47  0.43  0.48  0.16  0.50  0.00  0.46  0.27  2
RAD3_YEAST  0.52  0.50  0.51  0.20  0.50  0.00  0.51  0.22  2
RAD4_YEAST  0.33  0.28  0.52  0.15  0.50  0.00  0.51  0.86  2
RAD5_YEAST  0.36  0.48  0.50  0.13  0.50  0.00  0.49  0.60  2
RA50_YEAST  0.45  0.54  0.49  0.29  0.50  0.00  0.49  0.25  2
RA51_YEAST  0.55  0.59  0.53  0.15  0.50  0.00  0.49  0.22  2
RA52_YEAST  0.31  0.39  0.55  0.28  0.50  0.00  0.46  0.31  2
RA54_YEAST  0.43  0.41  0.51  0.34  0.50  0.00  0.49  0.28  2
RA55_YEAST  0.64  0.50  0.53  0.10  0.50  0.00  0.51  0.22  2
RA57_YEAST  0.41  0.52  0.56  0.26  0.50  0.00  0.48  0.32  2
UBC2_YEAST  0.48  0.47  0.59  0.41  0.50  0.00  0.56  0.27  2
RAD7_YEAST  0.49  0.49  0.51  0.29  0.50  0.00  0.52  0.71  2
RAD9_YEAST  0.41  0.52  0.51  0.22  0.50  0.00  0.52  0.44  2
SRS2_YEAST  0.51  0.61  0.50  0.23  0.50  0.00  0.52  0.61  2
RAM1_YEAST  0.59  0.47  0.51  0.53  0.50  0.00  0.53  0.26  0
RAM2_YEAST  0.40  0.60  0.50  0.16  0.50  0.00  0.51  0.22  0
RAP1_YEAST  0.54  0.53  0.53  0.17  0.50  0.00  0.51  0.39  2
RAS1_YEAST  0.61  0.46  0.54  0.11  0.50  0.00  0.47  0.22  0
RAS2_YEAST  0.66  0.55  0.54  0.18  0.50  0.00  0.43  0.22  0
RAT1_YEAST  0.53  0.46  0.54  0.37  0.50  0.00  0.51  0.30  2
RCA1_YEAST  0.41  0.41  0.43  0.61  0.50  0.00  0.53  0.22  1
REB1_YEAST  0.58  0.31  0.60  0.12  0.50  0.00  0.47  0.33  2
R102_YEAST  0.49  0.67  0.50  0.28  0.50  0.00  0.43  0.22  2
R104_YEAST  0.44  0.33  0.55  0.16  0.50  0.00  0.49  0.22  2
R114_YEAST  0.44  0.45  0.53  0.19  0.50  0.00  0.41  0.28  2
RED1_YEAST  0.57  0.55  0.52  0.16  0.50  0.00  0.49  0.39  2
RER1_YEAST  0.45  0.66  0.39  0.11  0.50  0.00  0.54  0.22  6
D8_YEAST  0.32  0.49  0.53  0.28  0.50  0.00  0.50  0.50  2
RFA1_YEAST  0.35  0.42  0.56  0.28  0.50  0.00  0.47  0.22  2
RFA2_YEAST  0.46  0.41  0.58  0.10  0.50  0.00  0.48  0.22  2
RFA3_YEAST  0.57  0.51  0.58  0.22  0.50  0.00  0.51  0.22  2
RFC2_YEAST  0.47  0.47  0.54  0.19  0.50  0.00  0.51  0.33  2
RFC3_YEAST  0.34  0.58  0.50  0.26  0.50  0.00  0.51  0.22  2
RFC4_YEAST  0.55  0.45  0.58  0.25  0.50  0.00  0.49  0.22  2
RFT1_YEAST  0.40  0.66  0.34  0.21  0.50  0.00  0.52  0.26  2
RGM1_YEAST  0.42  0.21  0.59  0.30  0.50  0.00  0.47  0.27  2
RHO1_YEAST  0.60  0.48  0.46  0.32  0.50  0.00  0.40  0.33  0
RHO2_YEAST  0.64  0.44  0.51  0.35  0.50  0.00  0.53  0.22  0
RIF1_YEAST  0.35  0.40  0.44  0.25  0.50  0.00  0.53  0.57  2
RIM1_YEAST  0.55  0.38  0.64  0.42  0.50  0.00  0.47  0.22  1
RIM2_YEAST  0.45  0.43  0.50  0.25  0.50  0.00  0.47  0.22  1
UCRI_YEAST  0.47  0.53  0.48  0.51  0.50  0.00  0.54  0.22  1
R3_YEAST  0.45  0.49  0.57  0.25  0.50  0.00  0.48  0.22  2
RNA1_YEAST  0.45  0.52  0.50  0.12  0.50  0.00  0.60  0.22  0
RN12_YEAST  0.56  0.51  0.32  0.49  0.50  0.00  0.48  0.22  2
RN14_YEAST  0.37  0.58  0.50  0.22  0.50  0.00  0.47  0.22  2
RN15_YEAST  0.47  0.45  0.51  0.33  0.50  0.00  0.46  0.26  2
ROX1_YEAST  0.50  0.36  0.64  0.37  0.50  0.00  0.37  0.33  2
ROX3_YEAST  0.43  0.44  0.64  0.19  0.50  0.00  0.38  0.33  2
RS3A_YEAST  0.38  0.40  0.59  0.25  0.50  0.00  0.44  0.22  0
RS3B_YEAST  0.39  0.39  0.59  0.25  0.50  0.00  0.45  0.22  0
R13A_YEAST  0.54  0.55  0.56  0.14  0.50  0.00  0.50  0.25  0
RL18_YEAST  0.45  0.50  0.57  0.29  0.50  0.00  0.44  0.11  0
RL18_YEAST  0.45  0.50  0.57  0.29  0.50  0.00  0.44  0.11  0
RS24_YEAST  0.61  0.38  0.57  0.36  0.50  0.00  0.44  0.21  0
RS24_YEAST  0.61  0.38  0.57  0.36  0.50  0.00  0.44  0.21  0
R17A_YEAST  0.43  0.33  0.54  0.37  0.50  0.00  0.38  0.16  0
R17B_YEAST  0.43  0.33  0.54  0.37  0.50  0.00  0.38  0.16  0
R61A_YEAST  0.51  0.39  0.58  0.19  0.50  0.00  0.47  0.22  0
RPA9_YEAST  0.72  0.51  0.52  0.08  0.50  0.00  0.54  0.22  2
RPA2_YEAST  0.35  0.41  0.53  0.27  0.50  0.00  0.47  0.29  2
RPA1_YEAST  0.56  0.49  0.54  0.15  0.50  0.00  0.50  0.35  2
RPA3_YEAST  0.57  0.37  0.43  0.27  0.50  0.00  0.53  0.28  2
RPBX_YEAST  0.57  0.49  0.61  0.26  0.50  0.00  0.52  0.22  2
RPBY_YEAST  0.48  0.45  0.63  0.19  0.50  0.00  0.58  0.22  2
RPB2_YEAST  0.34  0.48  0.47  0.19  0.50  0.00  0.50  0.30  2
RPB3_YEAST  0.54  0.57  0.55  0.18  0.50  0.00  0.50  0.22  2
RPB4_YEAST  0.38  0.44  0.55  0.44  0.50  0.00  0.47  0.51  2
RPB5_YEAST  0.40  0.30  0.57  0.13  0.50  0.00  0.46  0.22  2
RPB6_YEAST  0.27  0.31  0.55  0.13  0.50  0.00  0.50  0.22  2
RPB7_YEAST  0.52  0.46  0.56  0.25  0.50  0.00  0.52  0.22  2
RPB8_YEAST  0.44  0.50  0.55  0.24  0.50  0.00  0.48  0.22  2
RPB9_YEAST  0.34  0.47  0.48  0.32  0.50  0.00  0.42  0.22  2
RPCX_YEAST  0.50  0.56  0.63  0.25  0.50  0.00  0.42  0.22  2
RPC2_YEAST  0.46  0.53  0.47  0.37  0.50  0.00  0.51  0.36  2
RPC9_YEAST  0.31  0.60  0.65  0.18  0.50  0.00  0.46  0.22  2
RPC8_YEAST  0.57  0.42  0.63  0.22  0.50  0.00  0.68  0.32  2
RPC6_YEAST  0.37  0.45  0.53  0.14  0.50  0.00  0.49  0.22  2
RPC5_YEAST  0.38  0.38  0.54  0.24  0.50  0.00  0.54  0.22  2
RPC4_YEAST  0.36  0.49  0.55  0.21  0.50  0.00  0.55  0.33  2
RPC3_YEAST  0.29  0.40  0.50  0.16  0.50  0.00  0.51  0.34  2
RPD3_YEAST  0.37  0.30  0.51  0.15  0.50  0.00  0.58  0.26  2
RL1_YEAST   0.35  0.33  0.48  0.42  0.50  0.00  0.47  0.43  0
RL15_YEAST  0.46  0.35  0.69  0.18  0.50  0.00  0.30  0.25  0
RL15_YEAST  0.46  0.35  0.69  0.18  0.50  0.00  0.30  0.25  0
R14A_YEAST  0.57  0.43  0.52  0.30  0.50  0.00  0.37  0.11  0
R14B_YEAST  0.57  0.43  0.52  0.30  0.50  0.00  0.37  0.11  0
RL12_YEAST  0.59  0.51  0.48  0.12  0.50  0.00  0.54  0.31  0
RL12_YEAST  0.59  0.51  0.48  0.12  0.50  0.00  0.54  0.31  0
RL16_YEAST  0.61  0.53  0.59  0.17  0.50  0.00  0.44  0.28  0
RL1A_YEAST  0.61  0.48  0.56  0.19  0.50  0.00  0.53  0.31  0
RL1A_YEAST  0.61  0.48  0.56  0.19  0.50  0.00  0.53  0.31  0
R16A_YEAST  0.44  0.56  0.52  0.18  0.50  0.00  0.50  0.11  0
R16B_YEAST  0.36  0.56  0.52  0.18  0.50  0.00  0.45  0.16  0
RL17_YEAST  0.37  0.44  0.64  0.48  0.50  0.00  0.36  0.27  0
RL19_YEAST  0.72  0.37  0.63  0.38  0.50  0.00  0.40  0.14  0
RL19_YEAST  0.72  0.37  0.63  0.38  0.50  0.00  0.40  0.14  0
RL25_YEAST  0.44  0.36  0.64  0.45  0.50  0.00  0.53  0.11  0
RL27_YEAST  0.58  0.45  0.55  0.27  0.50  0.00  0.48  0.11  0
RL2_YEAST   0.63  0.64  0.45  0.26  0.50  0.00  0.43  0.22  0
RL2_YEAST   0.63  0.64  0.45  0.26  0.50  0.00  0.43  0.22  0
RL3A_YEAST  0.43  0.33  0.67  0.12  0.50  0.00  0.45  0.23  0
RL3B_YEAST  0.43  0.33  0.67  0.12  0.50  0.00  0.43  0.23  0
RL3E_YEAST  0.58  0.44  0.50  0.26  0.50  0.00  0.52  0.22  0
RL34_YEAST  0.38  0.43  0.53  0.22  0.50  0.00  0.48  0.11  0
R37A_YEAST  0.40  0.45  0.61  0.29  0.50  0.00  0.44  0.22  0
R37B_YEAST  0.40  0.45  0.61  0.29  0.50  0.00  0.44  0.22  0
RL44_YEAST  0.34  0.34  0.65  0.40  0.50  0.00  0.32  0.16  0
RL44_YEAST  0.34  0.34  0.65  0.40  0.50  0.00  0.32  0.16  0
RL46_YEAST  0.43  0.22  0.79  0.79  0.50  0.00  0.22  0.00  0
RL41_YEAST  0.35  0.21  1.00  0.80  0.50  0.00  0.13  0.01  0
RL41_YEAST  0.35  0.21  1.00  0.80  0.50  0.00  0.13  0.01  0
RL4A_YEAST  0.56  0.35  0.47  0.41  0.50  0.00  0.50  0.22  0
RL4B_YEAST  0.56  0.35  0.47  0.35  0.50  0.00  0.52  0.22  0
RL6_YEAST   0.54  0.44  0.55  0.48  0.50  0.00  0.47  0.22  0
RL71_YEAST  0.35  0.39  0.56  0.20  0.50  0.00  0.49  0.41  0
RL9_YEAST   0.48  0.46  0.58  0.16  0.50  0.00  0.45  0.22  0
RLA0_YEAST  0.48  0.55  0.48  0.10  0.50  0.00  0.55  0.22  0
RLA1_YEAST  0.66  0.60  0.52  0.19  0.50  0.00  0.69  0.22  0
RLA2_YEAST  0.69  0.54  0.55  0.23  0.50  0.00  0.73  0.22  0
RLA3_YEAST  0.73  0.60  0.47  0.20  0.50  0.00  0.72  0.22  0
RLA4_YEAST  0.78  0.82  0.56  0.21  0.50  0.00  0.69  0.22  0
RPM2_YEAST  0.42  0.49  0.49  0.36  0.50  0.00  0.57  0.26  1
RPB1_YEAST  0.44  0.62  0.53  0.27  0.50  0.00  0.49  0.22  2
RPC1_YEAST  0.56  0.61  0.52  0.19  0.50  0.00  0.52  0.32  2
RPOM_YEAST  0.47  0.56  0.46  0.50  0.50  0.00  0.51  0.22  1
RS6_YEAST   0.46  0.33  0.45  0.22  0.50  0.00  0.41  0.37  0
R19A_YEAST  0.52  0.43  0.61  0.22  0.50  0.00  0.45  0.22  0
R19B_YEAST  0.52  0.43  0.61  0.22  0.50  0.00  0.45  0.22  0
RS41_YEAST  0.32  0.44  0.54  0.21  0.50  0.00  0.40  0.19  0
RS41_YEAST  0.32  0.44  0.54  0.21  0.50  0.00  0.40  0.19  0
RS15_YEAST  0.48  0.41  0.52  0.33  0.50  0.00  0.51  0.26  0
RS22_YEAST  0.46  0.39  0.54  0.22  0.50  0.00  0.48  0.25  0
RS22_YEAST  0.46  0.39  0.54  0.22  0.50  0.00  0.48  0.25  0
RS21_YEAST  0.42  0.50  0.64  0.13  0.50  0.00  0.49  0.22  0
R26A_YEAST  0.46  0.54  0.59  0.41  0.50  0.00  0.53  0.21  0
R26B_YEAST  0.46  0.54  0.59  0.41  0.50  0.00  0.53  0.21  0
R271_YEAST  0.39  0.65  0.57  0.19  0.50  0.00  0.44  0.25  0
R272_YEAST  0.39  0.65  0.57  0.19  0.50  0.00  0.43  0.25  0
RS28_YEAST  0.38  0.50  0.52  0.44  0.50  0.00  0.54  0.11  0
RS28_YEAST  0.38  0.50  0.52  0.44  0.50  0.00  0.54  0.11  0
RS3_YEAST   0.51  0.52  0.58  0.17  0.50  0.00  0.47  0.28  0
RS31_YEAST  0.57  0.48  0.54  0.22  0.50  0.00  0.50  0.11  0
RS33_YEAST  0.50  0.50  0.62  0.23  0.50  0.00  0.35  0.11  0
RS37_YEAST  0.41  0.49  0.65  0.28  0.50  0.00  0.59  0.57  0
RS4E_YEAST  0.53  0.57  0.60  0.36  0.50  0.00  0.50  0.22  0
RS4E_YEAST  0.53  0.57  0.60  0.36  0.50  0.00  0.50  0.22  0
RS8_YEAST   0.37  0.30  0.62  0.43  0.50  0.00  0.44  0.39  0
RS8_YEAST   0.37  0.30  0.62  0.43  0.50  0.00  0.44  0.39  0
RRN6_YEAST  0.60  0.57  0.52  0.14  0.50  0.00  0.46  0.48  2
RRN7_YEAST  0.42  0.38  0.52  0.29  0.50  0.00  0.42  0.22  2
RTG1_YEAST  0.41  0.46  0.58  0.08  0.50  0.00  0.51  0.28  2
R161_YEAST  0.49  0.40  0.58  0.23  0.50  0.00  0.47  0.27  0
R167_YEAST  0.37  0.37  0.51  0.38  0.50  0.00  0.44  0.22  0
RSD1_YEAST  0.57  0.50  0.40  0.08  0.50  0.00  0.47  0.22  6
FIMB_YEAST  0.51  0.40  0.50  0.28  0.50  0.00  0.48  0.27  0
SAC7_YEAST  0.34  0.25  0.55  0.28  0.50  0.00  0.51  0.49  0
SAG1_YEAST  0.77  0.86  0.44  0.27  0.50  0.00  0.48  0.22  3
SAR1_YEAST  0.59  0.54  0.53  0.14  0.50  0.00  0.48  0.22  0
SC25_YEAST  0.50  0.48  0.48  0.23  0.50  0.00  0.53  0.68  0
SCJ1_YEAST  0.39  1.00  0.38  0.41  0.50  0.00  0.50  0.27  1
PRCI_YEAST  0.56  0.42  0.52  0.14  0.50  0.00  0.51  0.22  0
TAT2_YEAST  0.39  0.46  0.33  0.18  0.50  0.00  0.53  0.22  6
SCO1_YEAST  0.52  0.54  0.47  0.49  0.50  0.00  0.54  0.22  1
S160_YEAST  0.46  0.49  0.55  0.18  0.50  0.00  0.56  0.22  2
DHSA_YEAST  0.56  0.65  0.49  0.56  0.50  0.00  0.49  0.22  1
DHSB_YEAST  0.53  0.51  0.55  0.57  0.50  0.00  0.46  0.22  1
SDH3_YEAST  0.54  0.64  0.40  0.56  0.50  0.00  0.51  0.22  1
SDH4_YEAST  0.47  0.58  0.47  0.52  0.50  0.00  0.54  0.22  1
SDHL_YEAST  0.46  0.42  0.51  0.16  0.50  0.00  0.56  0.22  0
SEC1_YEAST  0.60  0.51  0.49  0.18  0.50  0.00  0.53  0.38  0
SC11_YEAST  0.85  0.66  0.49  0.18  0.50  0.00  0.51  0.22  3
SC12_YEAST  0.55  0.52  0.44  0.20  0.50  0.00  0.56  0.22  5
SC13_YEAST  0.49  0.38  0.56  0.09  0.50  0.00  0.46  0.22  0
SC14_YEAST  0.38  0.40  0.53  0.12  0.50  0.00  0.55  0.22  0
SC15_YEAST  0.55  0.55  0.52  0.13  0.50  0.00  0.53  0.25  0
SC17_YEAST  0.46  0.44  0.58  0.17  0.50  0.00  0.55  0.22  0
SC18_YEAST  0.34  0.46  0.52  0.19  0.50  0.00  0.53  0.26  0
SEC2_YEAST  0.58  0.56  0.46  0.14  0.50  0.00  0.51  0.22  0
SC20_YEAST  0.46  0.47  0.44  0.18  1.00  0.00  0.46  0.22  5
SC21_YEAST  0.44  0.71  0.50  0.21  0.50  0.00  0.54  0.27  0
SC22_YEAST  0.56  0.49  0.32  0.22  0.50  0.00  0.50  0.22  5
SC23_YEAST  0.41  0.49  0.47  0.09  0.50  0.00  0.49  0.22  0
SEC4_YEAST  0.44  0.51  0.53  0.30  0.50  0.00  0.53  0.22  0
PMM_YEAST   0.54  0.51  0.56  0.15  0.50  0.00  0.54  0.31  0
SC59_YEAST  0.51  0.51  0.32  0.27  0.50  0.00  0.54  0.22  6
SEC6_YEAST  0.46  0.38  0.51  0.20  0.50  0.00  0.51  0.22  0
S61A_YEAST  0.55  0.72  0.35  0.26  0.50  0.00  0.49  0.22  6
SC62_YEAST  0.54  0.44  0.35  0.19  0.50  0.00  0.51  0.27  6
NPL1_YEAST  0.65  0.66  0.37  0.12  0.50  0.00  0.52  0.27  6
SC65_YEAST  0.41  0.40  0.56  0.17  0.50  0.00  0.56  0.22  0
SC66_YEAST  0.39  0.71  0.38  0.14  0.50  0.00  0.50  0.22  5
SEC7_YEAST  0.37  0.42  0.46  0.15  0.50  0.00  0.51  0.31  5
SC72_YEAST  0.59  0.55  0.57  0.18  0.50  0.00  0.51  0.22  0
SEC8_YEAST  0.48  0.51  0.50  0.24  0.50  0.00  0.54  0.38  0
SEC9_YEAST  0.39  0.30  0.63  0.20  0.50  0.00  0.43  0.47  0
TRAM_YEAST  0.47  0.52  0.54  0.25  0.50  0.00  0.54  0.29  1
SED1_YEAST  0.77  0.82  0.40  0.36  0.50  0.00  0.38  0.22  3
SED4_YEAST  0.52  0.55  0.39  0.09  1.00  0.00  0.55  0.25  6
SED5_YEAST  0.42  0.28  0.33  0.23  0.50  0.00  0.39  0.26  6
SEN1_YEAST  0.47  0.37  0.46  0.28  0.50  0.00  0.52  0.99  2
SEN2_YEAST  0.48  0.50  0.47  0.29  0.50  0.00  0.46  0.27  2
SYSC_YEAST  0.30  0.33  0.55  0.12  0.50  0.00  0.53  0.38  0
SFL1_YEAST  0.49  0.49  0.52  0.18  0.50  0.00  0.51  0.25  2
SFP1_YEAST  0.54  0.59  0.57  0.34  0.50  0.00  0.49  0.22  2
AMYG_YEAST  0.70  0.78  0.53  0.24  0.50  0.00  0.48  0.22  7
SGE1_YEAST  0.85  0.69  0.34  0.31  0.50  0.00  0.57  0.30  3
SHM1_YEAST  0.56  0.59  0.45  0.15  0.50  0.00  0.54  0.22  1
GLYM_YEAST  0.47  0.56  0.53  0.44  0.50  0.00  0.53  0.22  1
GLYC_YEAST  0.53  0.49  0.47  0.21  0.50  0.00  0.53  0.22  0
SHR3_YEAST  0.70  0.57  0.34  0.19  0.50  0.00  0.53  0.27  5
SIC1_YEAST  0.42  0.43  0.67  0.70  0.50  0.00  0.42  0.25  0
NOT4_YEAST  0.47  0.44  0.53  0.18  0.50  0.00  0.47  0.29  2
SIN3_YEAST  0.40  0.49  0.53  0.23  0.50  0.00  0.44  0.26  2
SIN4_YEAST  0.45  0.65  0.51  0.17  0.50  0.00  0.49  0.22  2
SIP2_YEAST  0.42  0.42  0.55  0.31  0.50  0.00  0.43  0.22  2
SIR1_YEAST  0.45  0.41  0.53  0.49  0.50  0.00  0.49  0.31  2
SIR2_YEAST  0.42  0.28  0.49  0.22  0.50  0.00  0.55  0.34  2
SIR3_YEAST  0.47  0.50  0.47  0.22  0.50  0.00  0.53  0.45  2
SIR4_YEAST  0.33  0.42  0.55  0.23  0.50  0.00  0.52  0.43  2
SIS1_YEAST  0.56  0.55  0.57  0.15  0.50  0.00  0.54  0.25  0
SIS2_YEAST  0.37  0.47  0.49  0.12  0.50  0.00  0.47  0.31  2
SKI3_YEAST  0.32  0.60  0.48  0.13  0.50  0.00  0.53  0.22  2
SKN1_YEAST  0.38  0.42  0.31  0.35  0.50  0.00  0.52  0.22  6
SKN7_YEAST  0.46  0.56  0.56  0.25  0.50  0.00  0.43  0.22  2
SKO1_YEAST  0.47  0.55  0.57  0.17  0.50  0.00  0.52  0.66  2
SLA1_YEAST  0.37  0.55  0.52  0.13  0.50  0.00  0.42  0.80  0
SLA2_YEAST  0.46  0.48  0.38  0.22  0.50  0.00  0.39  0.45  6
PLSC_YEAST  0.80  0.69  0.53  0.33  0.50  0.00  0.51  0.22  5
SLN1_YEAST  0.52  0.65  0.36  0.37  0.50  0.00  0.52  0.34  6
SLU7_YEAST  0.19  0.16  0.68  0.36  0.50  0.00  0.49  0.21  2
SLY1_YEAST  0.64  0.31  0.53  0.15  0.50  0.00  0.53  0.31  0
SLY4_YEAST  0.40  0.43  0.36  0.33  0.50  0.00  0.51  0.22  6
SMC1_YEAST  0.47  0.56  0.51  0.20  0.50  0.00  0.52  0.59  2
SMC2_YEAST  0.40  0.75  0.44  0.12  0.50  0.00  0.49  0.22  2
SMD1_YEAST  0.48  0.55  0.58  0.18  0.50  0.00  0.38  0.69  2
SMF1_YEAST  0.57  0.51  0.34  0.13  0.50  0.00  0.53  0.27  1
SMF2_YEAST  0.23  0.37  0.32  0.13  0.50  0.00  0.53  0.22  1
SMY1_YEAST  0.54  0.50  0.51  0.26  0.50  0.00  0.52  0.22  0
SMY2_YEAST  0.60  0.64  0.56  0.36  0.50  0.00  0.46  0.27  0
SNC1_YEAST  0.27  0.41  0.24  0.20  0.50  0.00  0.49  0.22  6
SNC2_YEAST  0.25  0.35  0.22  0.18  0.50  0.00  0.46  0.22  6
SNF1_YEAST  0.39  0.45  0.51  0.29  0.50  0.00  0.54  0.22  0
SNF2_YEAST  0.33  0.47  0.55  0.24  0.50  0.00  0.45  0.67  2
SNF3_YEAST  0.37  0.40  0.38  0.18  0.50  0.00  0.51  0.22  6
SNF4_YEAST  0.43  0.47  0.47  0.18  0.50  0.00  0.47  0.22  0
SNF5_YEAST  0.66  0.43  0.57  0.60  0.50  0.00  0.19  0.33  2
SNF6_YEAST  0.55  0.40  0.62  0.22  0.50  0.00  0.37  0.28  2
RU17_YEAST  0.33  0.46  0.60  0.18  0.50  0.00  0.51  0.26  2
SNP2_YEAST  0.51  0.50  0.54  0.11  0.50  0.00  0.60  0.22  2
YBC6_YEAST  0.54  0.60  0.57  0.17  0.50  0.00  0.44  0.22  2
SNQ2_YEAST  0.45  0.57  0.38  0.28  0.50  0.00  0.53  0.31  6
SODC_YEAST  0.55  0.57  0.51  0.07  0.50  0.00  0.55  0.22  0
SODM_YEAST  0.54  0.47  0.58  0.40  0.50  0.00  0.46  0.27  1
SOF1_YEAST  0.36  0.32  0.55  0.27  0.50  0.00  0.47  0.43  2
SOK1_YEAST  0.46  0.41  0.45  0.23  0.50  0.00  0.48  0.22  2
SON1_YEAST  0.40  0.39  0.60  0.23  0.50  0.00  0.52  0.31  2
RL35_YEAST  0.52  0.47  0.58  0.18  0.50  0.00  0.34  0.11  0
RL35_YEAST  0.52  0.47  0.58  0.18  0.50  0.00  0.34  0.11  0
SPA2_YEAST  0.50  0.45  0.51  0.19  0.50  0.00  0.53  0.25  0
SPB4_YEAST  0.57  0.55  0.51  0.18  0.50  0.00  0.51  0.43  2
SPK1_YEAST  0.44  0.43  0.46  0.28  0.50  0.00  0.45  0.29  2
SP11_YEAST  0.46  0.50  0.50  0.28  0.50  0.00  0.50  0.37  2
SPR1_YEAST  0.66  0.65  0.54  0.40  0.50  0.00  0.51  0.22  4
SS10_YEAST  0.77  0.73  0.49  0.46  0.50  0.00  0.38  0.22  4
SX18_YEAST  0.38  0.58  0.46  0.21  0.50  0.00  0.52  0.22  2
SX19_YEAST  0.32  0.68  0.51  0.16  0.50  0.83  0.55  0.22  8
SP10_YEAST  0.27  0.46  0.52  0.17  0.50  0.00  0.49  0.44  2
SP14_YEAST  0.52  0.45  0.45  0.13  0.50  0.00  0.48  0.22  2
TF2D_YEAST  0.37  0.29  0.45  0.15  0.50  0.00  0.49  0.22  2
SPT2_YEAST  0.37  0.48  0.67  0.37  0.50  0.00  0.56  0.62  2
SP21_YEAST  0.44  0.59  0.54  0.18  0.50  0.00  0.49  0.22  2
SP23_YEAST  0.48  0.65  0.36  0.24  0.50  0.00  0.54  0.31  2
SPT3_YEAST  0.59  0.49  0.45  0.22  0.50  0.00  0.45  0.31  2
SPT4_YEAST  0.73  0.52  0.59  0.25  0.50  0.00  0.51  0.22  2
SPT5_YEAST  0.50  0.43  0.50  0.17  0.50  0.00  0.46  0.47  2
SPT6_YEAST  0.23  0.13  0.51  0.16  0.50  0.00  0.53  0.51  2
SPT7_YEAST  0.49  0.60  0.54  0.35  0.50  0.00  0.53  0.46  2
SPT8_YEAST  0.52  0.31  0.56  0.16  0.50  0.00  0.55  0.22  2
SRB2_YEAST  0.49  0.48  0.51  0.21  0.50  0.00  0.53  0.22  2
SRB4_YEAST  0.49  0.60  0.42  0.18  0.50  0.00  0.58  0.28  2
SRB5_YEAST  0.60  0.62  0.54  0.11  0.50  0.00  0.51  0.22  2
SRB6_YEAST  0.55  0.47  0.53  0.20  0.50  0.00  0.40  0.22  2
SCA1_YEAST  0.47  0.32  0.51  0.24  0.50  0.00  0.54  0.27  2
SRD1_YEAST  0.53  0.25  0.59  0.27  0.50  0.00  0.45  0.26  2
RCC_YEAST   0.31  0.50  0.54  0.32  0.50  0.00  0.53  0.31  2
SRPI_YEAST  0.25  0.33  0.48  0.18  0.50  0.00  0.42  0.33  2
SRPR_YEAST  0.55  0.46  0.47  0.15  0.50  0.00  0.47  0.22  6
SR14_YEAST  0.61  0.50  0.61  0.21  0.50  0.00  0.55  0.54  0
SR54_YEAST  0.50  0.52  0.51  0.22  0.50  0.00  0.46  0.37  0
SR68_YEAST  0.62  0.33  0.49  0.24  0.50  0.00  0.51  0.42  0
SR72_YEAST  0.56  0.52  0.46  0.17  0.50  0.00  0.49  0.73  0
CAP_YEAST   0.52  0.56  0.55  0.16  0.50  0.00  0.53  0.39  0
HS71_YEAST  0.53  0.48  0.51  0.18  0.50  0.00  0.52  0.27  0
HS72_YEAST  0.51  0.48  0.51  0.19  0.50  0.00  0.51  0.27  0
HS73_YEAST  0.51  0.48  0.51  0.26  0.50  0.00  0.51  0.27  0
HS74_YEAST  0.53  0.48  0.51  0.18  0.50  0.00  0.51  0.27  0
HS75_YEAST  0.60  0.46  0.51  0.10  0.50  0.00  0.48  0.31  0
HS76_YEAST  0.60  0.46  0.51  0.10  0.50  0.00  0.48  0.31  0
SSB1_YEAST  0.44  0.39  0.63  0.11  0.50  0.00  0.49  0.26  2
HS77_YEAST  0.51  0.50  0.49  0.45  0.50  0.00  0.48  0.22  1
SSD1_YEAST  0.45  0.45  0.51  0.30  0.50  0.00  0.48  0.44  0
RA25_YEAST  0.38  0.42  0.47  0.12  0.50  0.00  0.47  0.53  2
SSN6_YEAST  0.19  0.66  0.60  0.14  0.50  0.00  0.20  0.25  2
SSO1_YEAST  0.41  0.42  0.23  0.16  0.50  0.00  0.40  0.22  6
SSO2_YEAST  0.25  0.42  0.21  0.14  0.50  0.00  0.41  0.22  6
S120_YEAST  0.70  0.58  0.53  0.39  0.50  0.00  0.59  0.22  4
S61G_YEAST  0.49  0.31  0.43  0.24  0.50  0.00  0.54  0.22  6
SST2_YEAST  0.46  0.41  0.43  0.18  0.50  0.00  0.54  0.22  6
AMYH_YEAST  0.83  0.81  0.45  0.38  0.50  0.00  0.40  0.26  4
ST12_YEAST  0.38  0.51  0.56  0.21  0.50  0.00  0.48  0.31  2
DAP1_YEAST  0.32  0.36  0.28  0.38  0.50  0.00  0.50  0.40  6
ST14_YEAST  0.40  0.65  0.38  0.17  0.50  0.00  0.57  0.22  6
GBG_YEAST   0.36  0.37  0.63  0.25  0.50  0.00  0.30  0.22  0
STE2_YEAST  0.49  0.55  0.41  0.19  0.50  0.00  0.48  0.31  6
ST20_YEAST  0.30  0.45  0.55  0.19  0.50  0.00  0.53  0.40  0
STE3_YEAST  0.88  0.72  0.32  0.30  0.50  0.00  0.52  0.33  3
GBB_YEAST   0.44  0.40  0.53  0.19  0.50  0.00  0.48  0.27  0
STE5_YEAST  0.45  0.57  0.52  0.21  0.50  0.00  0.54  0.38  2
STE6_YEAST  0.46  0.61  0.38  0.35  0.50  0.00  0.49  0.22  6
STF1_YEAST  0.55  0.41  0.67  0.61  0.50  0.00  0.49  0.14  1
STF2_YEAST  0.28  0.18  0.72  0.26  0.50  0.00  0.49  0.25  1
STH1_YEAST  0.66  0.65  0.53  0.17  0.50  0.00  0.47  0.66  2
STL1_YEAST  0.36  0.50  0.39  0.23  0.50  0.00  0.50  0.22  6
STP1_YEAST  0.48  0.54  0.56  0.29  0.50  0.00  0.51  0.43  2
STU1_YEAST  0.33  0.37  0.49  0.22  0.50  0.00  0.55  0.22  0
STV1_YEAST  0.58  0.43  0.32  0.11  0.50  0.00  0.49  0.22  7
TF2B_YEAST  0.58  0.64  0.42  0.30  0.50  0.00  0.54  0.22  2
INV1_YEAST  0.74  0.82  0.46  0.24  0.50  0.00  0.50  0.31  4
INV2_YEAST  0.74  0.82  0.46  0.24  0.50  0.00  0.48  0.22  4
INV4_YEAST  0.75  0.76  0.58  0.22  0.50  0.00  0.49  0.22  4
SUG1_YEAST  0.58  0.37  0.58  0.16  0.50  0.00  0.51  0.22  2
SUI1_YEAST  0.39  0.39  0.65  0.16  0.50  0.00  0.45  0.22  0
IF2A_YEAST  0.51  0.59  0.55  0.21  0.50  0.00  0.52  0.22  0
IF2B_YEAST  0.41  0.35  0.60  0.22  0.50  0.00  0.56  0.79  0
SUL1_YEAST  0.43  0.28  0.41  0.32  0.50  0.00  0.52  0.22  6
SUP1_YEAST  0.41  0.49  0.55  0.13  0.50  0.00  0.55  0.22  0
SUP2_YEAST  0.23  0.29  0.46  0.00  0.50  0.00  0.43  0.31  0
RS4_YEAST   0.25  0.48  0.45  0.32  0.50  0.00  0.40  0.22  0
RS11_YEAST  0.38  0.34  0.55  0.44  0.50  0.00  0.48  0.26  0
SUV3_YEAST  0.61  0.54  0.54  0.38  0.50  0.00  0.54  0.29  1
ADR6_YEAST  0.48  0.17  0.37  0.33  0.50  0.00  0.44  0.36  2
SWI3_YEAST  0.47  0.47  0.50  0.19  0.50  0.00  0.51  0.26  2
SWI4_YEAST  0.55  0.38  0.52  0.16  0.50  0.00  0.49  0.64  2
SWI5_YEAST  0.41  0.39  0.61  0.17  0.50  0.00  0.50  0.61  2
SWI6_YEAST  0.41  0.56  0.53  0.16  0.50  0.00  0.55  0.26  2
OSTD_YEAST  0.78  0.73  0.27  0.28  0.50  0.00  0.56  0.22  3
SYG1_YEAST  0.31  0.51  0.38  0.18  0.50  0.00  0.46  0.31  6
TAL1_YEAST  0.63  0.64  0.49  0.20  0.50  0.00  0.52  0.25  0
VAL1_YEAST  0.31  0.40  0.31  0.17  0.50  0.00  0.52  0.22  6
TBF1_YEAST  0.44  0.65  0.49  0.16  0.50  0.00  0.48  0.31  2
RL3_YEAST   0.48  0.44  0.46  0.37  0.50  0.00  0.46  0.36  0
TCPA_YEAST  0.50  0.49  0.46  0.22  0.50  0.00  0.53  0.25  0
TCPE_YEAST  0.62  0.42  0.47  0.16  0.50  0.00  0.52  0.22  0
TCPB_YEAST  0.50  0.45  0.52  0.18  0.50  0.00  0.52  0.22  0
TCPG_YEAST  0.59  0.51  0.47  0.21  0.50  0.00  0.47  0.22  0
TCPD_YEAST  0.39  0.47  0.49  0.20  0.50  0.00  0.53  0.26  0
TCPZ_YEAST  0.49  0.48  0.52  0.24  0.50  0.00  0.50  0.22  0
G3P1_YEAST  0.59  0.48  0.49  0.42  0.50  0.00  0.52  0.22  0
G3P2_YEAST  0.57  0.35  0.50  0.43  0.50  0.00  0.53  0.22  0
G3P3_YEAST  0.61  0.52  0.50  0.44  0.50  0.00  0.53  0.22  0
TF3B_YEAST  0.49  0.51  0.52  0.13  0.50  0.00  0.51  0.33  2
TEC1_YEAST  0.45  0.40  0.56  0.15  0.50  0.00  0.52  0.22  2
EF1A_YEAST  0.63  0.43  0.48  0.11  0.50  0.00  0.51  0.22  0
EF1A_YEAST  0.63  0.43  0.48  0.11  0.50  0.00  0.51  0.22  0
EF1G_YEAST  0.52  0.45  0.53  0.34  0.50  0.00  0.52  0.44  0
EF1H_YEAST  0.54  0.48  0.55  0.33  0.50  0.00  0.55  0.40  0
T2EA_YEAST  0.55  0.79  0.45  0.25  0.50  0.00  0.51  0.22  2
YK42_YEAST  0.58  0.51  0.63  0.20  0.50  0.00  0.50  0.42  2
TFB1_YEAST  0.63  0.58  0.57  0.10  0.50  0.00  0.52  0.33  2
TFC1_YEAST  0.54  0.67  0.56  0.15  0.50  0.00  0.57  0.33  2
TF3A_YEAST  0.41  0.59  0.65  0.14  0.50  0.00  0.49  0.33  2
TFC3_YEAST  0.47  0.38  0.50  0.15  0.50  0.00  0.49  0.47  2
TFC4_YEAST  0.33  0.17  0.52  0.13  0.50  0.00  0.51  0.75  2
DKA1_YEAST  0.42  0.50  0.59  0.17  0.50  0.00  0.51  0.22  0
THRC_YEAST  0.54  0.55  0.55  0.40  0.50  0.00  0.53  0.22  0
SYTC_YEAST  0.31  0.31  0.57  0.15  0.50  0.00  0.50  0.22  0
IF4A_YEAST  0.38  0.42  0.50  0.19  0.50  0.00  0.44  0.22  0
IF1A_YEAST  0.33  0.36  0.62  0.26  0.50  0.00  0.55  0.22  0
IF4A_YEAST  0.38  0.42  0.50  0.19  0.50  0.00  0.44  0.22  0
TIF3_YEAST  0.47  0.56  0.58  0.19  0.50  0.00  0.44  0.64  0
IF41_YEAST  0.32  0.32  0.52  0.18  0.50  0.00  0.48  0.34  0
IF42_YEAST  0.28  0.27  0.50  0.14  0.50  0.00  0.50  0.28  0
IF5_YEAST   0.41  0.46  0.57  0.25  0.50  0.00  0.57  0.38  0
IF52_YEAST  0.44  0.54  0.51  0.16  0.50  0.00  0.58  0.22  0
IF51_YEAST  0.44  0.55  0.51  0.16  0.50  0.00  0.60  0.22  0
TIP1_YEAST  0.77  0.70  0.44  0.29  0.50  0.00  0.56  0.22  3
TP20_YEAST  0.40  0.56  0.53  0.15  0.50  0.00  0.49  0.22  0
SRP1_YEAST  0.79  0.79  0.42  0.26  0.50  0.00  0.60  0.22  3
SRP2_YEAST  0.80  0.83  0.43  0.24  0.50  0.00  0.54  0.22  3
TKT1_YEAST  0.58  0.55  0.51  0.13  0.50  0.00  0.52  0.22  0
TKT2_YEAST  0.55  0.69  0.51  0.12  0.50  0.00  0.51  0.22  0
TYSY_YEAST  0.47  0.46  0.53  0.12  0.50  0.00  0.51  0.25  2
TOA1_YEAST  0.57  0.29  0.63  0.22  0.50  0.00  0.49  0.27  2
TOA2_YEAST  0.52  0.49  0.59  0.21  0.50  0.00  0.47  0.22  2
TOP1_YEAST  0.41  0.42  0.53  0.17  0.50  0.00  0.48  0.58  2
TOP2_YEAST  0.45  0.36  0.50  0.19  0.50  0.00  0.53  0.70  2
TOP3_YEAST  0.53  0.51  0.54  0.21  0.50  0.00  0.45  0.22  2
TOR2_YEAST  0.49  0.50  0.42  0.43  0.50  0.00  0.50  0.36  7
TPIS_YEAST  0.44  0.49  0.49  0.27  0.50  0.00  0.52  0.22  0
KAPA_YEAST  0.25  0.26  0.53  0.17  0.50  0.00  0.45  0.22  0
KAPB_YEAST  0.49  0.46  0.54  0.18  0.50  0.00  0.35  0.22  0
KAPC_YEAST  0.42  0.37  0.54  0.17  0.50  0.00  0.51  0.22  0
TPM1_YEAST  0.42  0.45  0.75  0.21  0.50  0.00  0.48  0.22  0
TPM2_YEAST  0.39  0.45  0.75  0.17  0.50  0.00  0.51  0.22  0
TPS1_YEAST  0.63  0.54  0.53  0.27  0.50  0.00  0.49  0.22  0
TPS2_YEAST  0.54  0.43  0.48  0.27  0.50  0.00  0.44  0.41  0
TPS3_YEAST  0.40  0.44  0.50  0.13  0.50  0.00  0.52  0.39  0
TRK1_YEAST  0.55  0.39  0.39  0.47  0.50  0.00  0.50  0.83  6
TRK2_YEAST  0.59  0.48  0.41  0.53  0.50  0.00  0.48  0.56  6
TRNL_YEAST  0.49  0.38  0.49  0.15  0.50  0.00  0.53  0.25  2
TRM1_YEAST  0.53  0.45  0.52  0.29  0.50  0.00  0.55  0.38  1
TRPF_YEAST  0.62  0.60  0.54  0.22  0.50  0.00  0.54  0.27  0
TRPE_YEAST  0.33  0.46  0.53  0.12  0.50  0.00  0.50  0.27  0
TRPG_YEAST  0.57  0.36  0.51  0.25  0.50  0.00  0.54  0.25  0
TRPD_YEAST  0.45  0.76  0.51  0.25  0.50  0.00  0.59  0.22  0
TRP_YEAST   0.48  0.44  0.51  0.24  0.50  0.00  0.49  0.22  0
TSA_YEAST   0.59  0.64  0.44  0.26  0.50  0.00  0.50  0.22  0
TSL1_YEAST  0.79  0.56  0.53  0.19  0.50  0.00  0.47  0.35  0
TSM1_YEAST  0.50  0.50  0.48  0.34  0.50  0.00  0.52  0.27  2
TTP1_YEAST  0.79  0.62  0.35  0.35  0.50  0.00  0.60  0.28  5
GLRX_YEAST  0.52  0.50  0.60  0.20  0.50  0.00  0.52  0.22  0
TBA1_YEAST  0.59  0.46  0.57  0.17  0.50  0.00  0.52  0.22  0
TBB_YEAST   0.53  0.42  0.53  0.19  0.50  0.00  0.47  0.22  0
TBA3_YEAST  0.59  0.46  0.55  0.17  0.50  0.00  0.52  0.25  0
EFTU_YEAST  0.61  0.73  0.50  0.58  0.50  0.00  0.50  0.22  1
TUP1_YEAST  0.50  0.43  0.56  0.17  0.50  0.00  0.35  0.22  2
TYE7_YEAST  0.36  0.52  0.61  0.33  0.50  0.00  0.52  0.37  2
TYR1_YEAST  0.66  0.54  0.53  0.17  0.50  0.00  0.54  0.22  0
UBA1_YEAST  0.52  0.51  0.48  0.12  0.50  0.00  0.54  0.31  0
UBC1_YEAST  0.56  0.46  0.51  0.25  0.50  0.00  0.54  0.22  0
UBC4_YEAST  0.47  0.46  0.49  0.27  0.50  0.00  0.59  0.22  0
UBC5_YEAST  0.50  0.46  0.49  0.27  0.50  0.00  0.60  0.22  0
UBC6_YEAST  0.43  0.48  0.36  0.26  0.50  0.00  0.52  0.22  6
UBC7_YEAST  0.50  0.44  0.57  0.28  0.50  0.00  0.57  0.22  0
UBIQ_YEAST  0.46  0.47  0.62  0.30  0.50  0.00  0.38  0.22  0
UBP1_YEAST  0.59  0.70  0.46  0.19  0.50  0.00  0.54  0.44  0
UBP2_YEAST  0.19  0.41  0.55  0.13  0.50  0.00  0.52  0.25  0
UBP3_YEAST  0.27  0.43  0.50  0.13  0.50  0.00  0.54  0.31  0
UBR1_YEAST  0.42  0.46  0.44  0.17  0.50  0.00  0.51  0.42  0
UGA3_YEAST  0.49  0.36  0.47  0.28  0.50  0.00  0.56  0.54  2
UGA4_YEAST  0.42  0.51  0.33  0.16  0.50  0.00  0.54  0.22  6
UME5_YEAST  0.34  0.42  0.48  0.19  0.50  0.00  0.46  0.31  2
UME6_YEAST  0.60  0.57  0.63  0.22  0.50  0.00  0.50  0.49  2
UNG_YEAST   0.53  0.44  0.54  0.52  0.50  0.00  0.49  0.38  2
PYRD_YEAST  0.48  0.39  0.56  0.23  0.50  0.00  0.60  0.22  0
PYR1_YEAST  0.56  0.49  0.47  0.13  0.50  0.00  0.52  0.22  2
UMPK_YEAST  0.47  0.59  0.56  0.09  0.50  0.00  0.50  0.22  0
RL21_YEAST  0.40  0.28  0.58  0.44  0.50  0.00  0.41  0.22  0
RSU2_YEAST  0.54  0.35  0.55  0.19  0.50  0.00  0.30  0.22  0
USO1_YEAST  0.50  0.47  0.45  0.14  0.50  0.00  0.53  0.32  6
YEU2_YEAST  0.55  0.49  0.60  0.18  0.50  0.00  0.51  0.22  2
71_YEAST  0.55  0.44  0.50  0.09  0.50  0.00  0.55  0.22  7
RMAR_YEAST  0.66  0.37  0.60  0.25  0.50  0.00  0.69  0.22  1
SYV_YEAST   0.51  0.49  0.48  0.55  0.50  0.00  0.52  0.58  0
VATA_YEAST  0.36  0.51  0.51  0.17  0.50  0.00  0.52  0.22  7
VM11_YEAST  0.68  0.68  0.35  0.16  0.50  0.00  0.62  0.22  7
VATB_YEAST  0.44  0.35  0.55  0.14  0.50  0.00  0.52  0.22  7
VATL_YEAST  0.73  0.59  0.35  0.15  0.50  0.00  0.54  0.22  7
VATE_YEAST  0.60  0.37  0.52  0.15  0.50  0.00  0.55  0.26  7
VATC_YEAST  0.64  0.61  0.56  0.15  0.50  0.00  0.54  0.22  7
VATX_YEAST  0.48  0.58  0.58  0.12  0.50  0.00  0.49  0.22  7
VATF_YEAST  0.65  0.58  0.53  0.21  0.50  0.00  0.51  0.22  7
VATD_YEAST  0.48  0.49  0.49  0.26  0.50  0.00  0.39  0.27  7
VPH1_YEAST  0.57  0.54  0.32  0.15  0.50  0.00  0.52  0.25  7
VM12_YEAST  0.40  0.36  0.32  0.16  0.50  0.00  0.51  0.27  7
VPS1_YEAST  0.50  0.55  0.52  0.16  0.50  0.00  0.51  0.31  0
VP15_YEAST  0.65  0.63  0.47  0.22  0.50  0.00  0.52  0.27  0
VP16_YEAST  0.41  0.48  0.51  0.20  0.50  0.00  0.51  0.22  0
VP17_YEAST  0.25  0.40  0.54  0.16  0.50  0.00  0.43  0.22  0
YP51_YEAST  0.63  0.56  0.52  0.21  0.50  0.00  0.50  0.22  0
SLP1_YEAST  0.56  0.68  0.42  0.36  0.50  0.00  0.49  0.22  0
VP34_YEAST  0.57  0.47  0.48  0.17  0.50  0.00  0.52  0.26  7
VP45_YEAST  0.46  0.52  0.51  0.13  0.50  0.00  0.47  0.22  0
VRP1_YEAST  0.50  0.40  0.57  0.17  0.50  0.00  0.59  0.22  0
OSTB_YEAST  0.78  0.71  0.35  0.25  0.50  0.00  0.49  0.22  3
XRS2_YEAST  0.64  0.56  0.52  0.17  0.50  0.00  0.54  0.47  2
YAA7_YEAST  1.00  0.80  0.29  0.36  0.50  0.00  0.52  0.22  3
YAB1_YEAST  0.51  0.39  0.56  0.55  0.50  0.00  0.46  0.64  1
YAB8_YEAST  0.69  0.66  0.36  0.09  0.50  0.00  0.56  0.22  3
YAB9_YEAST  0.40  0.45  0.45  0.15  0.50  0.00  0.53  0.48  2
YAC2_YEAST  0.49  0.53  0.36  0.15  0.50  0.00  0.52  0.27  6
YAE2_YEAST  0.39  0.63  0.41  0.27  0.50  0.00  0.49  0.22  6
YAF1_YEAST  0.45  0.51  0.43  0.22  0.50  0.00  0.57  0.22  2
YAF3_YEAST  0.77  0.78  0.27  0.37  0.50  0.00  0.49  0.22  3
YAG3_YEAST  0.88  0.75  0.41  0.36  0.50  0.00  0.43  0.22  5
YAG7_YEAST  0.49  0.49  0.40  0.20  0.50  0.00  0.48  0.26  6
PDR4_YEAST  0.57  0.53  0.60  0.28  0.50  0.00  0.52  0.45  2
AP17_YEAST  0.53  0.52  0.49  0.27  0.50  0.00  0.51  0.22  0
AP19_YEAST  0.50  0.47  0.56  0.31  0.50  0.00  0.56  0.26  0
YAP3_YEAST  0.71  0.79  0.41  0.38  0.50  0.00  0.54  0.22  3
AP54_YEAST  0.33  0.49  0.46  0.22  0.50  0.00  0.53  0.33  6
ADB1_YEAST  0.47  0.41  0.46  0.18  0.50  0.00  0.53  0.22  6
CACM_YEAST  0.45  0.39  0.46  0.29  0.50  0.00  0.42  0.22  1
FMT_YEAST   0.59  0.56  0.50  0.48  0.50  0.00  0.46  0.22  1
YBC4_YEAST  0.32  0.30  0.57  0.38  0.50  0.00  0.50  0.25  2
YBE2_YEAST  0.26  0.30  0.37  0.15  0.50  0.00  0.53  0.25  6
YBG6_YEAST  0.28  0.41  0.46  0.18  0.50  0.00  0.47  0.39  2
YBI8_YEAST  0.45  0.50  0.43  0.16  0.50  0.00  0.52  0.28  6
RL3P_YEAST  0.24  0.25  0.57  0.28  0.50  0.00  0.51  0.11  0
MRF1_YEAST  0.46  0.61  0.55  0.29  0.50  0.00  0.49  0.22  1
YBT6_YEAST  0.54  0.44  0.38  0.22  0.50  0.00  0.54  0.30  6
YBY2_YEAST  0.22  0.53  0.36  0.22  0.50  0.00  0.54  0.31  6
YB00_YEAST  0.25  0.41  0.47  0.14  0.50  0.00  0.56  0.68  2
YB30_YEAST  0.43  0.41  0.37  0.18  0.50  0.00  0.54  0.31  6
YB32_YEAST  0.40  0.44  0.47  0.25  0.50  0.00  0.54  0.56  2
YB33_YEAST  0.46  0.59  0.38  0.12  0.50  0.00  0.50  0.22  6
YB37_YEAST  0.80  0.82  0.40  0.31  0.50  0.00  0.57  0.25  3
YB48_YEAST  0.29  0.39  0.46  0.36  0.50  0.00  0.51  0.22  2
YB54_YEAST  0.40  0.40  0.43  0.19  0.50  0.83  0.48  0.22  8
YB72_YEAST  0.57  0.52  0.46  0.20  0.50  0.83  0.52  0.41  8
YB91_YEAST  0.43  0.60  0.40  0.12  0.50  0.00  0.49  0.29  6
YB8E_YEAST  0.56  0.71  0.47  0.21  0.50  0.00  0.52  0.22  1
YB8G_YEAST  0.65  0.62  0.26  0.33  0.50  0.00  0.55  0.22  6
YB8I_YEAST  0.77  0.70  0.37  0.12  0.50  0.00  0.49  0.26  3
YCFI_YEAST  0.47  0.61  0.32  0.27  0.50  0.00  0.50  0.30  6
YCK1_YEAST  0.71  0.51  0.49  0.23  0.50  0.00  0.30  0.32  5
YCK2_YEAST  0.59  0.48  0.49  0.49  0.50  0.00  0.36  0.32  0
YCA9_YEAST  0.58  0.63  0.52  0.70  0.50  0.00  0.46  0.22  1
YCD8_YEAST  0.30  0.68  0.41  0.17  0.50  0.00  0.51  0.22  6
YCG9_YEAST  0.74  0.73  0.32  0.20  0.50  0.00  0.55  0.22  3
YCH0_YEAST  0.55  0.35  0.36  0.29  0.50  0.00  0.51  0.22  6
YCQ0_YEAST  0.35  0.32  0.31  0.16  0.50  0.00  0.56  0.22  6
YCQ7_YEAST  0.67  0.61  0.39  0.24  0.50  0.00  0.51  0.22  6
YCR3_YEAST  0.69  0.57  0.39  0.19  0.50  0.00  0.48  0.39  5
SYN_YEAST   0.47  0.41  0.53  0.27  0.50  0.00  0.47  0.25  1
YCR8_YEAST  0.39  0.56  0.34  0.18  0.50  0.00  0.49  0.22  6
YCS4_YEAST  0.51  0.38  0.42  0.21  0.50  0.00  0.46  0.34  6
YCT8_YEAST  0.32  0.45  0.39  0.14  0.50  0.00  0.45  0.22  6
YCV1_YEAST  0.75  0.73  0.35  0.33  0.50  0.00  0.49  0.28  3
YCW2_YEAST  0.54  0.54  0.56  0.18  0.50  0.00  0.46  0.29  2
YCX9_YEAST  0.71  0.64  0.42  0.28  0.50  0.00  0.43  0.22  4
YCY8_YEAST  0.28  0.48  0.36  0.16  0.50  0.00  0.53  0.22  6
YCZ6_YEAST  0.58  0.44  0.45  0.32  0.50  0.00  0.52  0.37  2
YD66_YEAST  0.52  0.65  0.36  0.26  0.50  0.00  0.44  0.22  6
MAS5_YEAST  0.64  0.44  0.56  0.15  0.50  0.00  0.56  0.22  0
EF3_YEAST   0.48  0.58  0.47  0.17  0.50  0.00  0.53  0.74  0
YEA6_YEAST  0.42  0.71  0.45  0.15  0.50  0.00  0.48  0.22  6
YEP0_YEAST  0.38  0.37  0.36  0.14  0.50  0.00  0.54  0.22  6
YE14_YEAST  0.40  0.40  0.44  0.37  0.50  0.00  0.53  0.25  2
YGL1_YEAST  0.38  0.56  0.38  0.16  0.50  0.00  0.53  0.22  6
YGP1_YEAST  0.80  0.79  0.43  0.25  0.50  0.00  0.52  0.22  4
YHA8_YEAST  0.63  0.65  0.42  0.18  0.50  0.00  0.54  0.27  6
YHA9_YEAST  0.47  0.40  0.63  0.19  0.50  0.00  0.52  0.32  2
YHB7_YEAST  0.83  0.94  0.32  0.21  0.50  0.00  0.51  0.22  3
YHC6_YEAST  0.61  0.76  0.30  0.16  0.50  0.00  0.45  0.41  6
RIMI_YEAST  0.33  0.38  0.47  0.14  0.50  0.00  0.51  0.47  2
YHD5_YEAST  0.38  0.67  0.33  0.17  0.50  0.00  0.51  0.22  6
YHE0_YEAST  0.39  0.33  0.33  0.23  0.50  0.00  0.47  0.22  6
YHF0_YEAST  0.50  0.63  0.45  0.13  0.50  0.00  0.45  0.32  6
YHG2_YEAST  0.20  0.60  0.50  0.29  0.50  0.00  0.51  0.22  6
YHI7_YEAST  0.29  0.26  0.43  0.17  0.50  0.00  0.55  0.30  6
YHJ2_YEAST  0.51  0.46  0.41  0.36  0.50  0.00  0.49  0.22  6
YHK5_YEAST  0.92  0.66  0.52  0.23  0.50  0.00  0.53  0.22  3
YHK8_YEAST  0.49  0.56  0.37  0.20  0.50  0.00  0.53  0.22  6
YHN8_YEAST  0.86  0.78  0.34  0.15  0.50  0.00  0.53  0.22  5
YHP0_YEAST  0.38  0.44  0.57  0.14  0.50  0.00  0.53  0.52  2
YHQ1_YEAST  0.72  0.73  0.41  0.28  0.50  0.00  0.44  0.22  3
YHR0_YEAST  0.80  0.73  0.47  0.19  0.50  0.00  0.49  0.22  3
YHT3_YEAST  0.49  0.55  0.35  0.23  0.50  0.00  0.57  0.22  6
YHU0_YEAST  0.63  0.71  0.44  0.53  0.50  0.00  0.52  0.22  5
YHU2_YEAST  0.60  0.68  0.30  0.27  0.50  0.00  0.55  0.22  6
YHX8_YEAST  0.40  0.43  0.49  0.17  0.50  0.00  0.51  0.36  2
YHY0_YEAST  0.82  0.63  0.47  0.18  0.50  0.00  0.50  0.22  8
YHY1_YEAST  0.77  0.68  0.35  0.19  0.50  0.00  0.53  0.43  3
YIA6_YEAST  0.51  0.59  0.46  0.13  0.50  0.00  0.48  0.22  1
YIB3_YEAST  0.52  0.46  0.34  0.20  0.50  0.00  0.51  0.25  6
YIF2_YEAST  0.47  0.50  0.60  0.63  0.50  0.00  0.38  0.16  0
YIG3_YEAST  0.34  0.24  0.51  0.15  0.50  0.00  0.54  0.40  2
YIN0_YEAST  0.35  0.29  0.46  0.14  0.50  0.00  0.54  0.66  2
YIN4_YEAST  0.58  0.67  0.49  0.16  0.50  0.00  0.47  0.28  1
YIR3_YEAST  0.85  0.85  0.30  0.31  0.50  0.00  0.55  0.42  3
YKJ5_YEAST  0.36  0.48  0.61  0.26  0.50  0.00  0.50  0.16  2
YKA5_YEAST  0.41  0.25  0.59  0.44  0.50  0.00  0.60  0.69  2
YKA8_YEAST  0.30  0.37  0.40  0.45  0.50  0.00  0.48  0.41  6
MAOX_YEAST  0.57  0.59  0.49  0.86  0.50  0.00  0.47  0.22  2
YKD8_YEAST  0.38  0.40  0.39  0.19  0.50  0.00  0.46  0.62  2
YKE6_YEAST  0.77  0.74  0.37  0.29  0.50  0.00  0.45  0.22  3
TCTP_YEAST  0.47  0.38  0.58  0.19  0.50  0.00  0.57  0.22  0
PMT_YEAST   0.50  0.61  0.44  0.20  0.50  0.00  0.49  0.22  1
YKM9_YEAST  0.41  0.45  0.46  0.23  0.50  0.00  0.50  0.70  0
YKN4_YEAST  0.46  0.62  0.46  0.54  0.50  0.00  0.51  0.27  1
YKS8_YEAST  0.74  0.75  0.45  0.44  0.50  0.00  0.52  0.22  8
ACP_YEAST   0.52  0.53  0.58  0.69  0.50  0.00  0.50  0.22  1
YKW2_YEAST  0.41  0.47  0.50  0.14  0.50  0.00  0.53  0.37  2
YKY8_YEAST  0.25  0.40  0.52  0.15  0.50  0.00  0.56  0.28  2
YK44_YEAST  0.58  0.56  0.38  0.39  0.50  0.00  0.54  0.57  2
YK68_YEAST  0.32  0.29  0.29  0.08  0.50  0.00  0.52  0.22  6
RL13_YEAST  0.38  0.48  0.57  0.30  0.50  0.00  0.41  0.11  0
YMC1_YEAST  0.39  0.58  0.47  0.18  0.50  0.00  0.48  0.22  1
YMC2_YEAST  0.38  0.47  0.47  0.18  0.50  0.00  0.44  0.26  1
Y3_YEAST  0.63  0.57  0.50  0.48  0.50  0.00  0.51  0.22  1
RMR3_YEAST  0.51  0.45  0.62  0.25  0.50  0.00  0.59  0.22  1
YOX1_YEAST  0.59  0.67  0.54  0.19  0.50  0.00  0.48  0.60  2
YPT1_YEAST  0.60  0.61  0.54  0.11  0.50  0.00  0.46  0.22  0
YP52_YEAST  0.48  0.61  0.57  0.17  0.50  0.00  0.45  0.22  0
YP53_YEAST  0.71  0.50  0.50  0.18  0.50  0.00  0.46  0.22  0
YPT7_YEAST  0.61  0.48  0.54  0.25  0.50  0.00  0.50  0.22  0
R29A_YEAST  0.38  0.32  0.64  0.41  0.50  0.00  0.44  0.11  0
R29B_YEAST  0.38  0.40  0.66  0.35  0.50  0.00  0.43  0.11  0
YUR1_YEAST  0.81  0.62  0.43  0.17  0.50  0.00  0.53  0.22  5
ZIP1_YEAST  0.47  0.43  0.61  0.40  0.50  0.00  0.48  0.47  2
ZNRP_YEAST  0.67  0.57  0.36  0.19  0.50  0.00  0.56  0.22  5
ZUO1_YEAST  0.43  0.40  0.60  0.16  0.50  0.00  0.53  0.39  2
G6PD_YEAST  0.65  0.54  0.54  0.13  0.50  0.00  0.53  0.22  0
